	run	F1	Acc	P@1	AUCROC	AUCPR	RankAvgPrec	CovErr	CovErrNorm	
NB_[1]	0	0.2216	0.0497	0.4872	0.7012	0.2498	0.3473	68.2649	0.2438	
NMF_[1]	0	0.1806	0.0047	0.0085	0.6167	0.2319	0.1443	82.9424	0.2962	
PF_[1]	0	0.2929	0.1706	0.5589	0.7574	0.2669	0.4692	51.4303	0.1837	
TF_[1]	0	0.1607	0.0047	0.0022	0.4678	0.1547	0.0464	199.4365	0.7123	
BL_[1]	0	0.1607	0.0052	0.1003	0.5000	0.1026	0.2464	79.3421	0.2834	
nMMSBM_[1]	0	0.2924	0.1544	0.5581	0.7488	0.2663	0.4644	56.7966	0.2028	
nMMSBM_[1]	1	0.2919	0.1543	0.5596	0.7480	0.2661	0.4647	56.8083	0.2029	
nMMSBM_[1]	2	0.2916	0.1544	0.5597	0.7470	0.2660	0.4648	56.7800	0.2028	
nMMSBM_[1]	3	0.2926	0.1666	0.5598	0.7487	0.2663	0.4650	57.0358	0.2037	
nMMSBM_[1]	4	0.2920	0.1546	0.5584	0.7473	0.2660	0.4645	56.8649	0.2031	
nMMSBM_[1]	5	0.2921	0.1543	0.5581	0.7481	0.2665	0.4645	56.6469	0.2023	
nMMSBM_[1]	6	0.2928	0.1544	0.5584	0.7487	0.2662	0.4643	56.9020	0.2032	
nMMSBM_[1]	7	0.2918	0.1543	0.5579	0.7479	0.2655	0.4640	57.0541	0.2038	
nMMSBM_[1]	8	0.2925	0.1543	0.5582	0.7473	0.2663	0.4643	56.9908	0.2035	
nMMSBM_[1]	9	0.2918	0.1543	0.5596	0.7489	0.2659	0.4646	56.6899	0.2025	
nMMSBM_[1]	10	0.2916	0.1542	0.5597	0.7469	0.2658	0.4647	56.6476	0.2023	
nMMSBM_[1]	11	0.2841	0.1522	0.5452	0.7463	0.2639	0.4587	57.5154	0.2054	
nMMSBM_[1]	12	0.2924	0.1543	0.5595	0.7467	0.2656	0.4646	57.0192	0.2036	
nMMSBM_[1]	13	0.2915	0.1545	0.5594	0.7485	0.2657	0.4644	56.8807	0.2031	
nMMSBM_[1]	14	0.2929	0.1545	0.5598	0.7483	0.2661	0.4648	56.8321	0.2030	
nMMSBM_[1]	15	0.2920	0.1665	0.5585	0.7468	0.2656	0.4645	56.9548	0.2034	
nMMSBM_[1]	16	0.2922	0.1544	0.5598	0.7484	0.2659	0.4649	56.8537	0.2030	
nMMSBM_[1]	17	0.2919	0.1545	0.5597	0.7482	0.2658	0.4648	57.0733	0.2038	
nMMSBM_[1]	18	0.2924	0.1543	0.5578	0.7470	0.2658	0.4640	56.7460	0.2027	
nMMSBM_[1]	19	0.2859	0.1543	0.5451	0.7459	0.2649	0.4609	57.3681	0.2049	
nMMSBM_[1]	21	0.2921	0.1545	0.5599	0.7470	0.2659	0.4648	57.0106	0.2036	
nMMSBM_[1]	22	0.2925	0.1544	0.5596	0.7465	0.2658	0.4648	56.9299	0.2033	
nMMSBM_[1]	23	0.2922	0.1546	0.5598	0.7477	0.2659	0.4648	56.7619	0.2027	
nMMSBM_[1]	24	0.2915	0.1666	0.5585	0.7471	0.2658	0.4644	56.7422	0.2027	
nMMSBM_[1]	25	0.2922	0.1543	0.5598	0.7471	0.2659	0.4648	56.7799	0.2028	
nMMSBM_[1]	26	0.2851	0.1525	0.5454	0.7446	0.2632	0.4589	57.5719	0.2056	
nMMSBM_[1]	27	0.2921	0.1544	0.5581	0.7478	0.2656	0.4643	56.8169	0.2029	
nMMSBM_[1]	28	0.2927	0.1661	0.5594	0.7476	0.2661	0.4646	56.8143	0.2029	
nMMSBM_[1]	29	0.2923	0.1545	0.5582	0.7480	0.2665	0.4646	56.9696	0.2035	
nMMSBM_[1]	30	0.2920	0.1545	0.5583	0.7466	0.2656	0.4642	57.0131	0.2036	
nMMSBM_[1]	31	0.2914	0.1545	0.5598	0.7471	0.2659	0.4647	56.9162	0.2033	
nMMSBM_[1]	32	0.2920	0.1666	0.5583	0.7472	0.2661	0.4645	56.6445	0.2023	
nMMSBM_[1]	33	0.2919	0.1544	0.5580	0.7473	0.2659	0.4642	56.9162	0.2033	
nMMSBM_[1]	34	0.2923	0.1665	0.5582	0.7463	0.2659	0.4644	56.8810	0.2031	
nMMSBM_[1]	35	0.2924	0.1544	0.5581	0.7470	0.2657	0.4642	56.8123	0.2029	
nMMSBM_[1]	36	0.2920	0.1544	0.5596	0.7467	0.2660	0.4646	56.9129	0.2033	
nMMSBM_[1]	37	0.2922	0.1545	0.5598	0.7474	0.2659	0.4649	56.9889	0.2035	
nMMSBM_[1]	38	0.2925	0.1545	0.5597	0.7483	0.2657	0.4646	57.1229	0.2040	
nMMSBM_[1]	39	0.2921	0.1543	0.5584	0.7472	0.2657	0.4646	56.9003	0.2032	
nMMSBM_[1]	40	0.2921	0.1544	0.5580	0.7472	0.2664	0.4643	56.8122	0.2029	
nMMSBM_[1]	41	0.2918	0.1545	0.5581	0.7484	0.2658	0.4643	56.7154	0.2026	
nMMSBM_[1]	42	0.2916	0.1545	0.5597	0.7471	0.2659	0.4646	56.9200	0.2033	
nMMSBM_[1]	43	0.2924	0.1544	0.5596	0.7484	0.2661	0.4648	56.8342	0.2030	
nMMSBM_[1]	44	0.2928	0.1545	0.5598	0.7480	0.2659	0.4649	56.8293	0.2030	
nMMSBM_[1]	45	0.2914	0.1665	0.5583	0.7472	0.2659	0.4643	56.9309	0.2033	
nMMSBM_[1]	46	0.2915	0.1545	0.5598	0.7469	0.2655	0.4648	56.9713	0.2035	
nMMSBM_[1]	47	0.2921	0.1665	0.5601	0.7465	0.2653	0.4648	57.0940	0.2039	
nMMSBM_[1]	48	0.2920	0.1545	0.5580	0.7483	0.2657	0.4643	56.8612	0.2031	
nMMSBM_[1]	49	0.2914	0.1663	0.5599	0.7491	0.2662	0.4650	56.9976	0.2036	
nMMSBM_[1]	50	0.2916	0.1664	0.5600	0.7483	0.2660	0.4650	56.8401	0.2030	
nMMSBM_[1]	51	0.2915	0.1544	0.5582	0.7463	0.2656	0.4643	56.6642	0.2024	
nMMSBM_[1]	52	0.2930	0.1546	0.5582	0.7469	0.2663	0.4641	56.9119	0.2033	
nMMSBM_[1]	53	0.2923	0.1545	0.5596	0.7484	0.2658	0.4647	56.9683	0.2035	
nMMSBM_[1]	54	0.2924	0.1666	0.5598	0.7491	0.2663	0.4649	56.8935	0.2032	
nMMSBM_[1]	55	0.2932	0.1545	0.5583	0.7468	0.2658	0.4644	57.0479	0.2037	
nMMSBM_[1]	56	0.2915	0.1663	0.5595	0.7463	0.2654	0.4645	56.8689	0.2031	
nMMSBM_[1]	57	0.2923	0.1544	0.5595	0.7473	0.2660	0.4645	56.9205	0.2033	
nMMSBM_[1]	58	0.2919	0.1544	0.5597	0.7485	0.2661	0.4648	56.6211	0.2022	
nMMSBM_[1]	59	0.2921	0.1545	0.5581	0.7470	0.2659	0.4641	56.9040	0.2032	
nMMSBM_[1]	60	0.2926	0.1544	0.5583	0.7487	0.2660	0.4645	56.7554	0.2027	
nMMSBM_[1]	61	0.2914	0.1665	0.5581	0.7467	0.2656	0.4647	56.7183	0.2026	
nMMSBM_[1]	62	0.2919	0.1545	0.5583	0.7468	0.2657	0.4644	56.8365	0.2030	
nMMSBM_[1]	63	0.2874	0.1665	0.5450	0.7462	0.2647	0.4607	57.4567	0.2052	
nMMSBM_[1]	64	0.2929	0.1665	0.5582	0.7467	0.2659	0.4643	56.9353	0.2033	
nMMSBM_[1]	65	0.2917	0.1666	0.5583	0.7475	0.2661	0.4643	56.8157	0.2029	
nMMSBM_[1]	66	0.2923	0.1663	0.5598	0.7484	0.2662	0.4650	56.6914	0.2025	
nMMSBM_[1]	67	0.2928	0.1545	0.5596	0.7484	0.2660	0.4646	56.9531	0.2034	
nMMSBM_[1]	68	0.2923	0.1543	0.5596	0.7489	0.2665	0.4650	56.8990	0.2032	
nMMSBM_[1]	69	0.2870	0.1664	0.5447	0.7452	0.2649	0.4604	57.3071	0.2047	
nMMSBM_[1]	70	0.2919	0.1543	0.5596	0.7485	0.2661	0.4649	56.6969	0.2025	
nMMSBM_[1]	71	0.2859	0.1543	0.5450	0.7452	0.2647	0.4609	57.3908	0.2050	
nMMSBM_[1]	72	0.2918	0.1544	0.5582	0.7486	0.2661	0.4643	56.8262	0.2030	
nMMSBM_[1]	73	0.2860	0.1663	0.5451	0.7468	0.2653	0.4607	57.1859	0.2042	
nMMSBM_[1]	74	0.2926	0.1544	0.5582	0.7481	0.2656	0.4645	56.9599	0.2034	
nMMSBM_[1]	75	0.2923	0.1544	0.5596	0.7487	0.2658	0.4645	56.8974	0.2032	
nMMSBM_[1]	76	0.2859	0.1544	0.5449	0.7449	0.2649	0.4607	57.5918	0.2057	
nMMSBM_[1]	77	0.2924	0.1663	0.5594	0.7482	0.2657	0.4645	57.1172	0.2040	
nMMSBM_[1]	78	0.2913	0.1544	0.5595	0.7473	0.2657	0.4646	56.9786	0.2035	
nMMSBM_[1]	79	0.2921	0.1666	0.5601	0.7487	0.2662	0.4651	56.6506	0.2023	
nMMSBM_[1]	80	0.2911	0.1544	0.5582	0.7473	0.2659	0.4642	56.8530	0.2030	
nMMSBM_[1]	81	0.2925	0.1545	0.5584	0.7482	0.2662	0.4644	56.9706	0.2035	
nMMSBM_[1]	82	0.2921	0.1544	0.5580	0.7481	0.2659	0.4642	56.8750	0.2031	
nMMSBM_[1]	83	0.2912	0.1543	0.5581	0.7468	0.2659	0.4642	56.8345	0.2030	
nMMSBM_[1]	84	0.2917	0.1543	0.5594	0.7477	0.2662	0.4645	56.9993	0.2036	
nMMSBM_[1]	85	0.2926	0.1544	0.5580	0.7468	0.2657	0.4639	56.7963	0.2028	
nMMSBM_[1]	86	0.2878	0.1544	0.5447	0.7455	0.2646	0.4605	57.6283	0.2058	
nMMSBM_[1]	87	0.2918	0.1545	0.5598	0.7476	0.2660	0.4648	56.6894	0.2025	
nMMSBM_[1]	88	0.2924	0.1543	0.5597	0.7483	0.2658	0.4647	56.9739	0.2035	
nMMSBM_[1]	89	0.2924	0.1666	0.5583	0.7470	0.2657	0.4644	56.7878	0.2028	
nMMSBM_[1]	90	0.2913	0.1666	0.5600	0.7485	0.2661	0.4650	56.7270	0.2026	
nMMSBM_[1]	91	0.2916	0.1545	0.5580	0.7492	0.2660	0.4642	56.9870	0.2035	
nMMSBM_[1]	92	0.2914	0.1545	0.5597	0.7481	0.2662	0.4649	56.9287	0.2033	
nMMSBM_[1]	93	0.2933	0.1545	0.5598	0.7483	0.2660	0.4648	57.1726	0.2042	
nMMSBM_[1]	94	0.2915	0.1545	0.5596	0.7487	0.2659	0.4645	56.6528	0.2023	
nMMSBM_[1]	95	0.2919	0.1664	0.5582	0.7471	0.2656	0.4643	56.8655	0.2031	
nMMSBM_[1]	96	0.2922	0.1546	0.5583	0.7467	0.2660	0.4642	57.0634	0.2038	
nMMSBM_[1]	97	0.2870	0.1546	0.5438	0.7452	0.2649	0.4605	57.2795	0.2046	
nMMSBM_[1]	98	0.2921	0.1545	0.5594	0.7482	0.2659	0.4645	57.0294	0.2037	
nMMSBM_[1]	99	0.2919	0.1545	0.5585	0.7471	0.2660	0.4646	56.7889	0.2028	
KNN_[1]	0	0.1059	0.0049	0.3236	0.5560	0.1558	0.1642	267.6263	0.9558	
Rand_[1]	0	0.1607	0.0047	0.0118	0.4978	0.1032	0.0347	198.6161	0.7093	
NB_[2]	0	0.2276	0.0078	0.1459	0.6712	0.2416	0.2710	77.2145	0.2758	
NMF_[2]	0	0.1608	0.0051	0.0230	0.5642	0.2139	0.2054	82.6102	0.2950	
PF_[2]	0	0.3214	0.1747	0.5721	0.7878	0.2906	0.4901	48.3780	0.1728	
TF_[2]	0	0.1607	0.0052	0.1003	0.5261	0.1514	0.1459	148.4802	0.5303	
BL_[2]	0	0.1607	0.0052	0.1003	0.5000	0.1026	0.2464	79.3421	0.2834	
nMMSBM_[2]	0	0.3129	0.1790	0.5705	0.7609	0.2845	0.4836	55.9188	0.1997	
nMMSBM_[2]	1	0.3120	0.1816	0.5701	0.7601	0.2833	0.4837	55.7385	0.1991	
nMMSBM_[2]	2	0.3135	0.1671	0.5707	0.7617	0.2839	0.4843	55.8869	0.1996	
nMMSBM_[2]	3	0.3129	0.1802	0.5704	0.7610	0.2835	0.4840	55.9555	0.1998	
nMMSBM_[2]	4	0.3133	0.1815	0.5704	0.7613	0.2844	0.4845	55.7658	0.1992	
nMMSBM_[2]	5	0.3112	0.1821	0.5700	0.7627	0.2847	0.4836	55.4625	0.1981	
nMMSBM_[2]	6	0.3124	0.1800	0.5700	0.7601	0.2841	0.4829	55.8474	0.1995	
nMMSBM_[2]	7	0.3114	0.1828	0.5710	0.7618	0.2848	0.4845	55.8117	0.1993	
nMMSBM_[2]	8	0.3143	0.1825	0.5703	0.7607	0.2835	0.4837	55.9810	0.1999	
nMMSBM_[2]	9	0.3123	0.1825	0.5706	0.7618	0.2845	0.4835	55.8744	0.1996	
nMMSBM_[2]	10	0.3135	0.1825	0.5704	0.7610	0.2841	0.4840	55.6664	0.1988	
nMMSBM_[2]	11	0.3104	0.1804	0.5701	0.7619	0.2838	0.4830	55.8045	0.1993	
nMMSBM_[2]	12	0.3114	0.1791	0.5698	0.7610	0.2831	0.4827	56.1698	0.2006	
nMMSBM_[2]	13	0.3130	0.1820	0.5697	0.7606	0.2850	0.4834	55.8182	0.1994	
nMMSBM_[2]	14	0.3129	0.1798	0.5689	0.7611	0.2844	0.4834	55.9682	0.1999	
nMMSBM_[2]	15	0.3132	0.1813	0.5700	0.7614	0.2842	0.4837	55.6730	0.1988	
nMMSBM_[2]	16	0.3124	0.1800	0.5708	0.7602	0.2844	0.4835	55.9729	0.1999	
nMMSBM_[2]	17	0.3126	0.1668	0.5702	0.7600	0.2839	0.4835	56.0831	0.2003	
nMMSBM_[2]	18	0.3125	0.1819	0.5706	0.7619	0.2834	0.4842	55.7987	0.1993	
nMMSBM_[2]	19	0.3116	0.1822	0.5703	0.7609	0.2844	0.4835	55.9452	0.1998	
nMMSBM_[2]	20	0.3113	0.1695	0.5710	0.7606	0.2847	0.4845	56.0519	0.2002	
nMMSBM_[2]	21	0.3127	0.1809	0.5702	0.7613	0.2831	0.4835	55.5992	0.1986	
nMMSBM_[2]	22	0.3108	0.1668	0.5707	0.7606	0.2826	0.4831	55.8261	0.1994	
nMMSBM_[2]	23	0.3134	0.1816	0.5704	0.7620	0.2838	0.4842	55.4571	0.1981	
nMMSBM_[2]	24	0.3135	0.1815	0.5710	0.7618	0.2842	0.4845	55.5195	0.1983	
nMMSBM_[2]	25	0.3119	0.1799	0.5710	0.7617	0.2836	0.4840	55.9219	0.1997	
nMMSBM_[2]	26	0.3126	0.1823	0.5690	0.7612	0.2845	0.4834	55.6239	0.1987	
nMMSBM_[2]	27	0.3127	0.1824	0.5708	0.7608	0.2841	0.4839	55.5925	0.1985	
nMMSBM_[2]	28	0.3118	0.1826	0.5682	0.7613	0.2845	0.4832	55.8401	0.1994	
nMMSBM_[2]	29	0.3136	0.1808	0.5707	0.7608	0.2848	0.4841	55.9740	0.1999	
nMMSBM_[2]	30	0.3133	0.1833	0.5702	0.7614	0.2839	0.4840	55.7573	0.1991	
nMMSBM_[2]	31	0.3131	0.1790	0.5703	0.7613	0.2844	0.4829	55.8579	0.1995	
nMMSBM_[2]	32	0.3116	0.1664	0.5700	0.7609	0.2841	0.4835	55.8773	0.1996	
nMMSBM_[2]	33	0.3131	0.1800	0.5714	0.7611	0.2845	0.4841	55.5157	0.1983	
nMMSBM_[2]	34	0.3135	0.1815	0.5702	0.7601	0.2836	0.4839	55.6837	0.1989	
nMMSBM_[2]	35	0.3116	0.1667	0.5707	0.7614	0.2838	0.4839	55.7720	0.1992	
nMMSBM_[2]	36	0.3132	0.1824	0.5701	0.7608	0.2835	0.4838	55.8218	0.1994	
nMMSBM_[2]	37	0.3132	0.1824	0.5703	0.7609	0.2838	0.4840	55.7577	0.1991	
nMMSBM_[2]	38	0.3137	0.1796	0.5703	0.7610	0.2839	0.4840	55.6376	0.1987	
nMMSBM_[2]	39	0.3123	0.1814	0.5704	0.7610	0.2842	0.4843	55.8542	0.1995	
nMMSBM_[2]	40	0.3136	0.1824	0.5714	0.7616	0.2847	0.4847	55.7199	0.1990	
nMMSBM_[2]	41	0.3135	0.1823	0.5707	0.7618	0.2845	0.4842	55.5558	0.1984	
nMMSBM_[2]	42	0.3130	0.1814	0.5701	0.7629	0.2840	0.4840	55.4847	0.1982	
nMMSBM_[2]	43	0.3118	0.1816	0.5698	0.7609	0.2822	0.4833	56.2096	0.2007	
nMMSBM_[2]	44	0.3131	0.1811	0.5704	0.7609	0.2844	0.4839	55.6609	0.1988	
nMMSBM_[2]	45	0.3132	0.1813	0.5712	0.7605	0.2841	0.4834	56.2454	0.2009	
nMMSBM_[2]	46	0.3145	0.1840	0.5706	0.7607	0.2842	0.4842	55.6659	0.1988	
nMMSBM_[2]	47	0.3122	0.1812	0.5693	0.7616	0.2830	0.4831	55.8019	0.1993	
nMMSBM_[2]	48	0.3127	0.1812	0.5702	0.7609	0.2843	0.4835	55.9108	0.1997	
nMMSBM_[2]	49	0.3142	0.1813	0.5711	0.7616	0.2835	0.4844	55.5814	0.1985	
nMMSBM_[2]	50	0.3125	0.1690	0.5709	0.7626	0.2835	0.4843	55.8095	0.1993	
nMMSBM_[2]	51	0.3135	0.1824	0.5705	0.7622	0.2837	0.4840	55.6913	0.1989	
nMMSBM_[2]	52	0.3135	0.1687	0.5706	0.7615	0.2839	0.4843	55.8480	0.1995	
nMMSBM_[2]	53	0.3126	0.1817	0.5698	0.7606	0.2841	0.4836	55.7813	0.1992	
nMMSBM_[2]	54	0.3120	0.1820	0.5702	0.7615	0.2837	0.4835	55.7005	0.1989	
nMMSBM_[2]	55	0.3115	0.1687	0.5712	0.7610	0.2845	0.4842	55.6667	0.1988	
nMMSBM_[2]	56	0.3135	0.1826	0.5715	0.7613	0.2847	0.4849	55.9665	0.1999	
nMMSBM_[2]	57	0.3134	0.1800	0.5702	0.7613	0.2834	0.4842	55.6256	0.1987	
nMMSBM_[2]	58	0.3133	0.1801	0.5704	0.7612	0.2843	0.4840	55.6577	0.1988	
nMMSBM_[2]	59	0.3137	0.1688	0.5708	0.7611	0.2844	0.4844	55.4826	0.1982	
nMMSBM_[2]	60	0.3130	0.1822	0.5702	0.7608	0.2839	0.4834	55.6720	0.1988	
nMMSBM_[2]	61	0.3145	0.1801	0.5711	0.7612	0.2843	0.4848	55.7457	0.1991	
nMMSBM_[2]	62	0.3139	0.1810	0.5708	0.7613	0.2840	0.4843	55.4895	0.1982	
nMMSBM_[2]	63	0.3131	0.1812	0.5701	0.7600	0.2834	0.4835	55.7836	0.1992	
nMMSBM_[2]	64	0.3131	0.1787	0.5705	0.7614	0.2838	0.4837	55.7516	0.1991	
nMMSBM_[2]	65	0.3123	0.1800	0.5706	0.7627	0.2841	0.4841	55.4817	0.1981	
nMMSBM_[2]	66	0.3127	0.1801	0.5700	0.7608	0.2849	0.4834	55.6536	0.1988	
nMMSBM_[2]	67	0.3128	0.1815	0.5710	0.7613	0.2840	0.4841	55.5525	0.1984	
nMMSBM_[2]	68	0.3100	0.1825	0.5681	0.7618	0.2843	0.4830	55.6677	0.1988	
nMMSBM_[2]	69	0.3127	0.1813	0.5701	0.7603	0.2839	0.4840	56.0345	0.2001	
nMMSBM_[2]	70	0.3142	0.1816	0.5705	0.7621	0.2844	0.4840	55.6345	0.1987	
nMMSBM_[2]	71	0.3135	0.1814	0.5683	0.7627	0.2846	0.4830	55.7775	0.1992	
nMMSBM_[2]	72	0.3135	0.1800	0.5705	0.7615	0.2844	0.4834	55.7083	0.1990	
nMMSBM_[2]	73	0.3132	0.1836	0.5711	0.7623	0.2844	0.4846	55.6796	0.1989	
nMMSBM_[2]	74	0.3119	0.1800	0.5716	0.7615	0.2837	0.4846	55.5753	0.1985	
nMMSBM_[2]	75	0.3123	0.1838	0.5703	0.7614	0.2835	0.4842	55.7646	0.1992	
nMMSBM_[2]	76	0.3116	0.1798	0.5713	0.7607	0.2823	0.4839	55.7455	0.1991	
nMMSBM_[2]	77	0.3115	0.1793	0.5705	0.7613	0.2831	0.4837	55.6878	0.1989	
nMMSBM_[2]	78	0.3120	0.1799	0.5705	0.7614	0.2840	0.4840	55.7794	0.1992	
nMMSBM_[2]	79	0.3133	0.1811	0.5701	0.7600	0.2839	0.4838	55.8588	0.1995	
nMMSBM_[2]	80	0.3146	0.1825	0.5702	0.7627	0.2843	0.4842	55.6551	0.1988	
nMMSBM_[2]	81	0.3126	0.1824	0.5706	0.7608	0.2843	0.4837	55.5774	0.1985	
nMMSBM_[2]	82	0.3116	0.1823	0.5702	0.7620	0.2849	0.4836	55.6317	0.1987	
nMMSBM_[2]	83	0.3137	0.1811	0.5713	0.7629	0.2850	0.4845	55.4688	0.1981	
nMMSBM_[2]	84	0.3118	0.1690	0.5705	0.7628	0.2839	0.4838	55.6416	0.1987	
nMMSBM_[2]	85	0.3099	0.1800	0.5702	0.7602	0.2829	0.4824	55.9929	0.2000	
nMMSBM_[2]	86	0.3122	0.1792	0.5715	0.7610	0.2828	0.4840	55.9494	0.1998	
nMMSBM_[2]	87	0.3102	0.1797	0.5713	0.7612	0.2835	0.4824	55.9360	0.1998	
nMMSBM_[2]	88	0.3139	0.1827	0.5705	0.7622	0.2834	0.4839	55.5413	0.1984	
nMMSBM_[2]	89	0.3112	0.1694	0.5706	0.7610	0.2837	0.4843	56.0047	0.2000	
nMMSBM_[2]	90	0.3123	0.1824	0.5702	0.7606	0.2832	0.4836	55.6160	0.1986	
nMMSBM_[2]	91	0.3121	0.1686	0.5709	0.7612	0.2843	0.4842	56.0497	0.2002	
nMMSBM_[2]	92	0.3138	0.1800	0.5706	0.7603	0.2843	0.4835	55.8474	0.1995	
nMMSBM_[2]	93	0.3139	0.1692	0.5704	0.7608	0.2837	0.4838	55.8591	0.1995	
nMMSBM_[2]	94	0.3118	0.1801	0.5703	0.7612	0.2834	0.4839	55.6295	0.1987	
nMMSBM_[2]	95	0.3139	0.1821	0.5710	0.7617	0.2846	0.4845	55.9478	0.1998	
nMMSBM_[2]	96	0.3113	0.1682	0.5704	0.7614	0.2838	0.4843	55.4775	0.1981	
nMMSBM_[2]	97	0.3126	0.1823	0.5701	0.7611	0.2847	0.4840	55.4735	0.1981	
nMMSBM_[2]	98	0.3117	0.1813	0.5698	0.7624	0.2840	0.4837	55.5372	0.1983	
nMMSBM_[2]	99	0.3119	0.1794	0.5683	0.7619	0.2830	0.4834	55.6894	0.1989	
KNN_[2]	0	0.2347	0.1414	0.3901	0.6131	0.2230	0.2931	214.5837	0.7664	
Rand_[2]	0	0.1607	0.0047	0.0116	0.4981	0.1017	0.0348	198.1099	0.7075	
NB_[3]	0	0.2600	0.0097	0.1618	0.7054	0.2389	0.2036	85.6294	0.3058	
NMF_[3]	0	0.1606	0.0047	0.0293	0.5368	0.2158	0.2321	82.8535	0.2959	
PF_[3]	0	0.3440	0.1790	0.5836	0.8067	0.3068	0.5055	47.3896	0.1692	
TF_[3]	0	0.1607	0.0052	0.1003	0.5605	0.1777	0.1370	143.3169	0.5118	
BL_[3]	0	0.1607	0.0052	0.1003	0.5000	0.1026	0.2464	79.3421	0.2834	
nMMSBM_[3]	0	0.3230	0.1913	0.5803	0.7688	0.2907	0.4953	55.7208	0.1990	
nMMSBM_[3]	1	0.3233	0.1908	0.5794	0.7673	0.2896	0.4946	55.0374	0.1966	
nMMSBM_[3]	2	0.3217	0.1897	0.5783	0.7667	0.2889	0.4932	55.6311	0.1987	
nMMSBM_[3]	3	0.3238	0.1762	0.5794	0.7685	0.2915	0.4944	55.0204	0.1965	
nMMSBM_[3]	4	0.3205	0.1764	0.5774	0.7655	0.2893	0.4925	55.8688	0.1995	
nMMSBM_[3]	5	0.3220	0.1762	0.5785	0.7669	0.2900	0.4934	55.8474	0.1995	
nMMSBM_[3]	6	0.3215	0.1743	0.5785	0.7673	0.2901	0.4936	55.6271	0.1987	
nMMSBM_[3]	7	0.3235	0.1770	0.5788	0.7669	0.2902	0.4939	55.6992	0.1989	
nMMSBM_[3]	8	0.3206	0.1847	0.5779	0.7644	0.2881	0.4926	55.8476	0.1995	
nMMSBM_[3]	9	0.3210	0.1715	0.5784	0.7656	0.2880	0.4932	54.9656	0.1963	
nMMSBM_[3]	10	0.3227	0.1781	0.5791	0.7657	0.2896	0.4942	55.3145	0.1976	
nMMSBM_[3]	11	0.3205	0.1865	0.5789	0.7647	0.2884	0.4930	55.4751	0.1981	
nMMSBM_[3]	12	0.3233	0.1786	0.5786	0.7665	0.2903	0.4944	55.8693	0.1995	
nMMSBM_[3]	13	0.3223	0.1866	0.5787	0.7648	0.2873	0.4932	55.7474	0.1991	
nMMSBM_[3]	14	0.3234	0.1886	0.5794	0.7679	0.2897	0.4946	55.2690	0.1974	
nMMSBM_[3]	15	0.3225	0.1752	0.5767	0.7658	0.2901	0.4925	55.8595	0.1995	
nMMSBM_[3]	16	0.3208	0.1744	0.5772	0.7660	0.2879	0.4923	55.4983	0.1982	
nMMSBM_[3]	17	0.3217	0.1754	0.5790	0.7669	0.2895	0.4938	55.8335	0.1994	
nMMSBM_[3]	18	0.3216	0.1765	0.5784	0.7646	0.2886	0.4933	55.7174	0.1990	
nMMSBM_[3]	19	0.3223	0.1754	0.5797	0.7651	0.2881	0.4936	55.8793	0.1996	
nMMSBM_[3]	20	0.3225	0.1758	0.5781	0.7671	0.2897	0.4931	55.1821	0.1971	
nMMSBM_[3]	21	0.3222	0.1866	0.5782	0.7677	0.2896	0.4938	55.4426	0.1980	
nMMSBM_[3]	22	0.3232	0.1866	0.5785	0.7670	0.2910	0.4937	55.7182	0.1990	
nMMSBM_[3]	23	0.3229	0.1896	0.5794	0.7672	0.2895	0.4946	55.6931	0.1989	
nMMSBM_[3]	24	0.3217	0.1842	0.5794	0.7673	0.2903	0.4946	55.3170	0.1976	
nMMSBM_[3]	25	0.3229	0.1888	0.5790	0.7668	0.2907	0.4943	55.4710	0.1981	
nMMSBM_[3]	26	0.3229	0.1891	0.5790	0.7668	0.2903	0.4936	55.5351	0.1983	
nMMSBM_[3]	27	0.3220	0.1755	0.5798	0.7641	0.2892	0.4928	55.2274	0.1972	
nMMSBM_[3]	28	0.3203	0.1867	0.5762	0.7651	0.2892	0.4918	55.5686	0.1985	
nMMSBM_[3]	29	0.3207	0.1868	0.5796	0.7668	0.2882	0.4931	55.1226	0.1969	
nMMSBM_[3]	30	0.3230	0.1896	0.5790	0.7657	0.2890	0.4941	55.6904	0.1989	
nMMSBM_[3]	31	0.3238	0.1745	0.5793	0.7667	0.2894	0.4939	55.4414	0.1980	
nMMSBM_[3]	32	0.3199	0.1735	0.5793	0.7656	0.2885	0.4935	55.4564	0.1981	
nMMSBM_[3]	33	0.3223	0.1876	0.5796	0.7682	0.2903	0.4947	55.1245	0.1969	
nMMSBM_[3]	34	0.3220	0.1875	0.5797	0.7675	0.2899	0.4934	55.7191	0.1990	
nMMSBM_[3]	35	0.3212	0.1756	0.5785	0.7668	0.2890	0.4936	55.5285	0.1983	
nMMSBM_[3]	36	0.3242	0.1870	0.5786	0.7660	0.2892	0.4939	55.8921	0.1996	
nMMSBM_[3]	37	0.3226	0.1781	0.5795	0.7655	0.2901	0.4937	55.6925	0.1989	
nMMSBM_[3]	38	0.3216	0.1865	0.5791	0.7667	0.2891	0.4937	55.9610	0.1999	
nMMSBM_[3]	39	0.3220	0.1873	0.5793	0.7658	0.2878	0.4932	55.1817	0.1971	
nMMSBM_[3]	40	0.3216	0.1860	0.5792	0.7642	0.2882	0.4929	55.7331	0.1990	
nMMSBM_[3]	41	0.3221	0.1848	0.5802	0.7649	0.2892	0.4937	55.6706	0.1988	
nMMSBM_[3]	42	0.3218	0.1750	0.5796	0.7672	0.2896	0.4930	55.5508	0.1984	
nMMSBM_[3]	43	0.3212	0.1834	0.5781	0.7676	0.2906	0.4930	55.6921	0.1989	
nMMSBM_[3]	44	0.3217	0.1869	0.5790	0.7669	0.2888	0.4938	55.8791	0.1996	
nMMSBM_[3]	45	0.3203	0.1866	0.5797	0.7669	0.2889	0.4939	55.5255	0.1983	
nMMSBM_[3]	46	0.3185	0.1747	0.5789	0.7656	0.2884	0.4922	55.5668	0.1985	
nMMSBM_[3]	47	0.3221	0.1758	0.5795	0.7668	0.2902	0.4942	55.4209	0.1979	
nMMSBM_[3]	48	0.3210	0.1779	0.5794	0.7675	0.2901	0.4937	55.4963	0.1982	
nMMSBM_[3]	49	0.3229	0.1847	0.5806	0.7673	0.2901	0.4947	55.4316	0.1980	
nMMSBM_[3]	50	0.3223	0.1872	0.5792	0.7663	0.2892	0.4943	55.3591	0.1977	
nMMSBM_[3]	51	0.3214	0.1778	0.5787	0.7674	0.2906	0.4938	56.0686	0.2002	
nMMSBM_[3]	52	0.3226	0.1775	0.5803	0.7671	0.2903	0.4949	55.1385	0.1969	
nMMSBM_[3]	53	0.3194	0.1858	0.5779	0.7663	0.2885	0.4922	55.9416	0.1998	
nMMSBM_[3]	54	0.3236	0.1852	0.5790	0.7661	0.2885	0.4936	55.2081	0.1972	
nMMSBM_[3]	55	0.3211	0.1834	0.5783	0.7683	0.2903	0.4930	55.7186	0.1990	
nMMSBM_[3]	56	0.3208	0.1864	0.5799	0.7646	0.2877	0.4936	55.8289	0.1994	
nMMSBM_[3]	57	0.3221	0.1892	0.5792	0.7676	0.2906	0.4942	55.6127	0.1986	
nMMSBM_[3]	58	0.3222	0.1742	0.5788	0.7667	0.2901	0.4939	55.5783	0.1985	
nMMSBM_[3]	59	0.3218	0.1884	0.5803	0.7667	0.2894	0.4939	55.6738	0.1988	
nMMSBM_[3]	60	0.3222	0.1779	0.5789	0.7654	0.2890	0.4936	55.6308	0.1987	
nMMSBM_[3]	61	0.3226	0.1902	0.5806	0.7658	0.2897	0.4944	55.5955	0.1986	
nMMSBM_[3]	62	0.3211	0.1762	0.5789	0.7684	0.2907	0.4941	55.1366	0.1969	
nMMSBM_[3]	63	0.3223	0.1755	0.5791	0.7667	0.2904	0.4942	55.5023	0.1982	
nMMSBM_[3]	64	0.3209	0.1850	0.5778	0.7664	0.2881	0.4922	55.2124	0.1972	
nMMSBM_[3]	65	0.3221	0.1777	0.5794	0.7663	0.2894	0.4938	55.2237	0.1972	
nMMSBM_[3]	66	0.3214	0.1760	0.5793	0.7686	0.2905	0.4932	55.7212	0.1990	
nMMSBM_[3]	67	0.3221	0.1776	0.5790	0.7666	0.2916	0.4938	55.3283	0.1976	
nMMSBM_[3]	68	0.3190	0.1843	0.5792	0.7661	0.2878	0.4928	55.3799	0.1978	
nMMSBM_[3]	69	0.3198	0.1855	0.5785	0.7661	0.2899	0.4936	55.4694	0.1981	
nMMSBM_[3]	70	0.3226	0.1836	0.5797	0.7661	0.2889	0.4939	55.3510	0.1977	
nMMSBM_[3]	71	0.3208	0.1903	0.5793	0.7666	0.2890	0.4944	55.8654	0.1995	
nMMSBM_[3]	72	0.3225	0.1879	0.5785	0.7664	0.2890	0.4937	55.3195	0.1976	
nMMSBM_[3]	73	0.3231	0.1880	0.5794	0.7663	0.2894	0.4938	55.8839	0.1996	
nMMSBM_[3]	74	0.3211	0.1753	0.5786	0.7668	0.2899	0.4937	55.3525	0.1977	
nMMSBM_[3]	75	0.3218	0.1871	0.5791	0.7667	0.2891	0.4943	55.6306	0.1987	
nMMSBM_[3]	76	0.3234	0.1867	0.5794	0.7665	0.2907	0.4940	55.3440	0.1977	
nMMSBM_[3]	77	0.3228	0.1744	0.5797	0.7670	0.2906	0.4944	56.0289	0.2001	
nMMSBM_[3]	78	0.3215	0.1865	0.5791	0.7685	0.2898	0.4933	55.2061	0.1972	
nMMSBM_[3]	79	0.3202	0.1874	0.5799	0.7654	0.2881	0.4933	55.5792	0.1985	
nMMSBM_[3]	80	0.3231	0.1766	0.5792	0.7675	0.2893	0.4944	55.4492	0.1980	
nMMSBM_[3]	81	0.3198	0.1722	0.5793	0.7656	0.2873	0.4925	55.4518	0.1980	
nMMSBM_[3]	82	0.3225	0.1884	0.5787	0.7676	0.2900	0.4937	55.1750	0.1971	
nMMSBM_[3]	83	0.3210	0.1753	0.5790	0.7673	0.2897	0.4939	55.3586	0.1977	
nMMSBM_[3]	84	0.3241	0.1877	0.5799	0.7673	0.2909	0.4945	55.6713	0.1988	
nMMSBM_[3]	85	0.3209	0.1849	0.5792	0.7679	0.2891	0.4942	55.2610	0.1974	
nMMSBM_[3]	86	0.3214	0.1752	0.5791	0.7669	0.2892	0.4938	55.4364	0.1980	
nMMSBM_[3]	87	0.3220	0.1839	0.5793	0.7667	0.2893	0.4941	55.8655	0.1995	
nMMSBM_[3]	88	0.3221	0.1844	0.5790	0.7662	0.2905	0.4942	55.5337	0.1983	
nMMSBM_[3]	89	0.3208	0.1866	0.5791	0.7662	0.2885	0.4940	55.3500	0.1977	
nMMSBM_[3]	90	0.3224	0.1758	0.5767	0.7670	0.2905	0.4928	55.3464	0.1977	
nMMSBM_[3]	91	0.3225	0.1721	0.5799	0.7666	0.2890	0.4938	55.5838	0.1985	
nMMSBM_[3]	92	0.3213	0.1771	0.5795	0.7684	0.2901	0.4944	55.3493	0.1977	
nMMSBM_[3]	93	0.3221	0.1759	0.5797	0.7656	0.2884	0.4936	55.5700	0.1985	
nMMSBM_[3]	94	0.3215	0.1751	0.5784	0.7671	0.2903	0.4941	55.3852	0.1978	
nMMSBM_[3]	95	0.3228	0.1897	0.5789	0.7684	0.2894	0.4932	55.3309	0.1976	
nMMSBM_[3]	96	0.3215	0.1891	0.5774	0.7642	0.2887	0.4925	55.5314	0.1983	
nMMSBM_[3]	97	0.3208	0.1863	0.5781	0.7669	0.2908	0.4938	55.5825	0.1985	
nMMSBM_[3]	98	0.3226	0.1747	0.5769	0.7692	0.2898	0.4926	55.1214	0.1969	
nMMSBM_[3]	99	0.3222	0.1755	0.5786	0.7668	0.2907	0.4938	55.8729	0.1995	
KNN_[3]	0	0.2414	0.1496	0.3251	0.6154	0.2324	0.2891	216.4373	0.7730	
Rand_[3]	0	0.1607	0.0047	0.0110	0.4979	0.1023	0.0342	198.9031	0.7104	
