229	0
231	1
741	2
836	3
1104	4
1136	5
1243	6
1380	7
1652	8
1846	9
1932	10
2313	11
2489	12
2520	13
2531	14
2547	15
2627	16
2639	17
2885	18
2975	19
3140	20
3437	21
3694	22
3771	23
3778	24
3780	25
3792	26
3950	27
4095	28
4160	29
4294	30
4323	31
4345	32
4351	33
4384	34
4387	35
4540	36
4666	37
4785	38
4916	39
4932	40
4964	41
5300	42
5332	43
5378	44
5523	45
5620	46
5641	47
5662	48
5811	49
5829	50
5915	51
5953	52
6074	53
6188	54
6222	55
6294	56
6513	57
6663	58
6785	59
6812	60
6914	61
7040	62
7107	63
7155	64
7221	65
7238	66
7287	67
7417	68
7437	69
7457	70
7570	71
7983	72
8226	73
8233	74
8273	75
8279	76
8287	77
8317	78
8533	79
8563	80
8622	81
8659	82
8667	83
9006	84
9040	85
9164	86
9279	87
9328	88
9438	89
9488	90
9577	91
9682	92
9788	93
10082	94
10086	95
10132	96
10223	97
10250	98
10296	99
10389	100
10573	101
10637	102
10690	103
10982	104
11095	105
11114	106
11230	107
11576	108
11606	109
11852	110
12009	111
12072	112
12130	113
12157	114
12203	115
12333	116
12381	117
12487	118
12528	119
12630	120
12672	121
12750	122
12772	123
12837	124
12935	125
12962	126
13266	127
13270	128
13839	129
13883	130
13934	131
14253	132
14347	133
14690	134
14788	135
14796	136
14826	137
15038	138
15128	139
15191	140
15296	141
15453	142
15711	143
15922	144
16415	145
16458	146
16464	147
16472	148
16481	149
16492	150
16776	151
17211	152
17273	153
17381	154
17780	155
17838	156
18056	157
18206	158
18274	159
18300	160
18303	161
18336	162
18338	163
18341	164
18366	165
18466	166
18549	167
18550	168
18625	169
18652	170
18743	171
18885	172
19044	173
19131	174
19168	175
19388	176
19580	177
19672	178
19690	179
19786	180
19810	181
19843	182
20159	183
20275	184
20476	185
20649	186
20701	187
20853	188
20963	189
20990	190
20994	191
21229	192
21484	193
21494	194
21582	195
21847	196
21962	197
22108	198
22172	199
22223	200
22275	201
22535	202
22596	203
22606	204
22815	205
22980	206
22995	207
23040	208
23235	209
23246	210
23364	211
23735	212
23845	213
23891	214
23917	215
24025	216
24056	217
24190	218
24217	219
24266	220
24320	221
24349	222
24398	223
24455	224
24733	225
24944	226
25035	227
25066	228
25224	229
25348	230
25792	231
25808	232
26200	233
26253	234
26384	235
26602	236
26957	237
27047	238
27174	239
27328	240
27383	241
27409	242
27587	243
27787	244
27816	245
27833	246
27881	247
27885	248
27952	249
28184	250
28213	251
28268	252
28373	253
28471	254
28472	255
28646	256
28939	257
29111	258
29200	259
29289	260
29298	261
29611	262
29687	263
29689	264
29751	265
29919	266
30025	267
30102	268
30199	269
30289	270
30290	271
30390	272
30415	273
30494	274
30558	275
30622	276
30696	277
30871	278
30947	279
30954	280
31195	281
31373	282
31393	283
31642	284
31819	285
31864	286
31868	287
31897	288
32108	289
32114	290
32140	291
32148	292
32237	293
32241	294
32431	295
32504	296
32649	297
32778	298
32839	299
32862	300
32984	301
33051	302
33067	303
33204	304
33213	305
33260	306
33273	307
33296	308
33468	309
33732	310
33837	311
33940	312
34035	313
34058	314
34060	315
34699	316
34874	317
34949	318
34979	319
35006	320
35110	321
35159	322
35223	323
35233	324
35284	325
35544	326
35579	327
35816	328
36177	329
36266	330
36380	331
36422	332
36448	333
36483	334
36526	335
36677	336
36700	337
36860	338
36946	339
37159	340
37222	341
37461	342
37623	343
37828	344
37870	345
37887	346
38014	347
38096	348
38164	349
38269	350
38312	351
38568	352
39197	353
39223	354
39342	355
39556	356
39587	357
39591	358
39742	359
39782	360
39789	361
40073	362
40077	363
40148	364
40207	365
40233	366
40251	367
40275	368
40397	369
40465	370
40597	371
40825	372
40829	373
40912	374
41017	375
41190	376
41211	377
41325	378
41388	379
41707	380
41934	381
41941	382
41952	383
42191	384
42198	385
42383	386
42623	387
42671	388
42740	389
42859	390
42926	391
42957	392
43025	393
43264	394
43284	395
43463	396
43687	397
43717	398
43730	399
44062	400
44175	401
44180	402
44229	403
44246	404
44284	405
44474	406
44481	407
44507	408
44564	409
44609	410
44715	411
44735	412
44742	413
44875	414
44966	415
44996	416
45044	417
45071	418
45074	419
45139	420
45185	421
45243	422
45326	423
45346	424
45439	425
45476	426
45695	427
45700	428
45754	429
45781	430
45811	431
45908	432
45935	433
46036	434
46156	435
46181	436
46200	437
46406	438
46431	439
46496	440
46657	441
46868	442
47025	443
47063	444
47154	445
47253	446
47380	447
47428	448
47435	449
47527	450
47642	451
47745	452
47785	453
47995	454
48029	455
48049	456
48153	457
48329	458
48475	459
48533	460
48747	461
49439	462
49740	463
49826	464
49898	465
49899	466
50001	467
50057	468
50265	469
50489	470
50582	471
50606	472
50783	473
50958	474
51027	475
51159	476
51204	477
51256	478
51361	479
51491	480
51709	481
51730	482
52019	483
52046	484
52049	485
52246	486
52266	487
52304	488
52458	489
52523	490
52611	491
52794	492
52829	493
52942	494
52955	495
53393	496
53454	497
53562	498
53770	499
53787	500
53921	501
54035	502
54200	503
54223	504
54245	505
54247	506
54544	507
54600	508
54852	509
54872	510
55075	511
55085	512
55135	513
55165	514
55201	515
55210	516
55273	517
55295	518
55341	519
55353	520
55563	521
55730	522
55790	523
55859	524
55884	525
56017	526
56390	527
56400	528
56556	529
56651	530
56736	531
56845	532
56954	533
57098	534
57159	535
57226	536
57435	537
57453	538
57847	539
57929	540
58065	541
58176	542
58487	543
58500	544
58524	545
58644	546
58656	547
58683	548
58796	549
59267	550
59424	551
59449	552
59482	553
59501	554
59554	555
59595	556
59622	557
59629	558
59686	559
59756	560
59782	561
59862	562
59908	563
60010	564
60280	565
60534	566
60591	567
60669	568
60819	569
60923	570
61018	571
61043	572
61161	573
61253	574
61260	575
61316	576
61437	577
61474	578
61488	579
61595	580
61625	581
61675	582
61954	583
61968	584
62021	585
62351	586
62441	587
62489	588
62574	589
62600	590
62689	591
62962	592
62964	593
63058	594
63180	595
63233	596
63289	597
63612	598
63864	599
63966	600
64136	601
64221	602
64477	603
64577	604
64888	605
64899	606
64917	607
64990	608
65064	609
65072	610
65274	611
65469	612
65616	613
65654	614
65826	615
65876	616
65913	617
65941	618
66016	619
66018	620
66079	621
66170	622
66220	623
66349	624
66351	625
66436	626
66508	627
67102	628
67219	629
67239	630
67502	631
67551	632
67571	633
67784	634
67896	635
67897	636
67934	637
67962	638
68014	639
68023	640
68112	641
68158	642
68237	643
68274	644
68586	645
68850	646
68854	647
68879	648
69067	649
69070	650
69191	651
69200	652
69246	653
69407	654
69434	655
69517	656
69542	657
69873	658
69949	659
70577	660
70639	661
70648	662
70721	663
70766	664
70807	665
70860	666
70993	667
71060	668
71115	669
71155	670
71192	671
71258	672
71361	673
71563	674
71574	675
71871	676
71876	677
71947	678
72028	679
72039	680
72058	681
72067	682
72229	683
72346	684
72886	685
73109	686
73156	687
73215	688
73229	689
73247	690
73268	691
73302	692
73351	693
73497	694
73500	695
73587	696
73596	697
73598	698
73605	699
73999	700
74103	701
74121	702
74177	703
74253	704
74264	705
74275	706
74311	707
74370	708
74688	709
74722	710
75110	711
75142	712
75396	713
75452	714
75464	715
75660	716
75781	717
76146	718
76155	719
76431	720
76680	721
76827	722
76832	723
76945	724
76960	725
77284	726
77525	727
77736	728
77747	729
77872	730
77910	731
78317	732
78340	733
78447	734
78739	735
78809	736
78830	737
78856	738
78910	739
78971	740
79042	741
79222	742
79314	743
79371	744
79407	745
79419	746
79424	747
79448	748
79623	749
79642	750
79770	751
79859	752
79988	753
80015	754
80034	755
80049	756
80181	757
80319	758
80325	759
80372	760
80813	761
80922	762
81016	763
81095	764
81140	765
81157	766
81230	767
81420	768
81423	769
81464	770
81501	771
81593	772
81726	773
81814	774
82079	775
82091	776
82193	777
82229	778
82520	779
82837	780
82966	781
83312	782
83598	783
83643	784
83727	785
83759	786
83777	787
83841	788
83888	789
83895	790
83917	791
83959	792
84145	793
84171	794
84359	795
84382	796
84430	797
84439	798
84495	799
84594	800
84646	801
84757	802
84841	803
84867	804
84879	805
84964	806
85028	807
85070	808
85183	809
85328	810
85365	811
85425	812
85434	813
85452	814
85458	815
85538	816
85679	817
85689	818
85716	819
85912	820
85955	821
86128	822
86161	823
86217	824
86324	825
86403	826
86429	827
86435	828
86459	829
86471	830
86477	831
86496	832
86664	833
86764	834
86781	835
86794	836
87025	837
87058	838
87242	839
87367	840
87420	841
87847	842
88031	843
88041	844
88410	845
88424	846
88572	847
88630	848
88895	849
88969	850
88971	851
88986	852
89020	853
89258	854
89493	855
89695	856
89742	857
89748	858
89842	859
90400	860
90435	861
90462	862
90500	863
90524	864
90530	865
90581	866
90583	867
90830	868
90889	869
90910	870
90994	871
91244	872
91307	873
91382	874
91393	875
91462	876
91818	877
92142	878
92225	879
92483	880
92519	881
92535	882
92564	883
92573	884
92578	885
92656	886
92787	887
92835	888
92893	889
92936	890
93016	891
93234	892
93379	893
93382	894
93453	895
93455	896
93489	897
93663	898
93728	899
93729	900
93736	901
93905	902
93965	903
93981	904
94182	905
94287	906
94374	907
94422	908
94802	909
94811	910
95112	911
95301	912
95593	913
95618	914
95885	915
95975	916
96056	917
96252	918
96310	919
96618	920
96693	921
96874	922
96899	923
97019	924
97120	925
97173	926
97216	927
97231	928
97293	929
97347	930
97545	931
97573	932
97722	933
97768	934
97854	935
97891	936
97941	937
98011	938
98104	939
98109	940
98334	941
98415	942
98758	943
98787	944
98795	945
98900	946
99212	947
99222	948
99291	949
99316	950
99683	951
99753	952
99854	953
99945	954
100021	955
100090	956
100129	957
100293	958
100341	959
100425	960
100553	961
100670	962
100749	963
100834	964
100838	965
100941	966
101013	967
101087	968
101166	969
101223	970
101238	971
101273	972
101276	973
101294	974
101625	975
101666	976
101781	977
101783	978
101838	979
101846	980
102105	981
102587	982
102824	983
102848	984
103229	985
103275	986
103386	987
103443	988
103737	989
103741	990
103788	991
103789	992
103844	993
104039	994
104081	995
104277	996
104299	997
104440	998
104461	999
104760	1000
104776	1001
104866	1002
105094	1003
105124	1004
105224	1005
105419	1006
105495	1007
105631	1008
105700	1009
105907	1010
105946	1011
106061	1012
106115	1013
106158	1014
106197	1015
106348	1016
106435	1017
106584	1018
106732	1019
106836	1020
106847	1021
106888	1022
106987	1023
106988	1024
106990	1025
107127	1026
107294	1027
107703	1028
107720	1029
107819	1030
107932	1031
108041	1032
108043	1033
108134	1034
108184	1035
108212	1036
108420	1037
108423	1038
108582	1039
108610	1040
108688	1041
109016	1042
109052	1043
109128	1044
109266	1045
109314	1046
109414	1047
109491	1048
110210	1049
110487	1050
110817	1051
110825	1052
110992	1053
111050	1054
111112	1055
111274	1056
111363	1057
111649	1058
111718	1059
112293	1060
112349	1061
112436	1062
112681	1063
112804	1064
112825	1065
112883	1066
113377	1067
113391	1068
113486	1069
113510	1070
113565	1071
113644	1072
113658	1073
113784	1074
113913	1075
114167	1076
114192	1077
114440	1078
114527	1079
114674	1080
114773	1081
114940	1082
114972	1083
115086	1084
115381	1085
115466	1086
115584	1087
115640	1088
115837	1089
115869	1090
115900	1091
115952	1092
116320	1093
116363	1094
116558	1095
116793	1096
116965	1097
117092	1098
117145	1099
117268	1100
117338	1101
117432	1102
117586	1103
117667	1104
117889	1105
118063	1106
118105	1107
118292	1108
118351	1109
118385	1110
118413	1111
118463	1112
118524	1113
118638	1114
118673	1115
118690	1116
118703	1117
118858	1118
118918	1119
119093	1120
119356	1121
119457	1122
119473	1123
119512	1124
119553	1125
119655	1126
119732	1127
119834	1128
119945	1129
119973	1130
120076	1131
120124	1132
120169	1133
120295	1134
120529	1135
120748	1136
120972	1137
121018	1138
121022	1139
121034	1140
121083	1141
121121	1142
121185	1143
121242	1144
121297	1145
121323	1146
121359	1147
121435	1148
121746	1149
121958	1150
122125	1151
122208	1152
122268	1153
122297	1154
122347	1155
122366	1156
122498	1157
122570	1158
122587	1159
122726	1160
122780	1161
122838	1162
123210	1163
123282	1164
123451	1165
123457	1166
123484	1167
123596	1168
123800	1169
123882	1170
123886	1171
123994	1172
124021	1173
124032	1174
124040	1175
124325	1176
124420	1177
124593	1178
124633	1179
125091	1180
125136	1181
125248	1182
125288	1183
125294	1184
125345	1185
125783	1186
125812	1187
125846	1188
126275	1189
126382	1190
126633	1191
126655	1192
126798	1193
126833	1194
126901	1195
126986	1196
127153	1197
127346	1198
127384	1199
127455	1200
127473	1201
127494	1202
127581	1203
127602	1204
127605	1205
127696	1206
127934	1207
127996	1208
128273	1209
128291	1210
128361	1211
128396	1212
128429	1213
128770	1214
128771	1215
129326	1216
129379	1217
129463	1218
129725	1219
129977	1220
130144	1221
130348	1222
130539	1223
130686	1224
130735	1225
130744	1226
130818	1227
130873	1228
131173	1229
131365	1230
131384	1231
131393	1232
131431	1233
131439	1234
131443	1235
131582	1236
131679	1237
131714	1238
131718	1239
131973	1240
132001	1241
132062	1242
132065	1243
132274	1244
132370	1245
132429	1246
132641	1247
132687	1248
132868	1249
133182	1250
133861	1251
133880	1252
134051	1253
134210	1254
134240	1255
134271	1256
134318	1257
134408	1258
134451	1259
134563	1260
134583	1261
134596	1262
134719	1263
134815	1264
134927	1265
135134	1266
135436	1267
135518	1268
135719	1269
135761	1270
135829	1271
135840	1272
135886	1273
135890	1274
135939	1275
136070	1276
136192	1277
136340	1278
136403	1279
136529	1280
136531	1281
136599	1282
136702	1283
136816	1284
137087	1285
137582	1286
137664	1287
137932	1288
137950	1289
138085	1290
138191	1291
138278	1292
138510	1293
138516	1294
138586	1295
138618	1296
138714	1297
138799	1298
138855	1299
138935	1300
139161	1301
139598	1302
139640	1303
139811	1304
139893	1305
139925	1306
139956	1307
139970	1308
140054	1309
140257	1310
140275	1311
140318	1312
140405	1313
140693	1314
140726	1315
141066	1316
141222	1317
141301	1318
141304	1319
141583	1320
141589	1321
141623	1322
141690	1323
141755	1324
141890	1325
141895	1326
141989	1327
142030	1328
142035	1329
142067	1330
142138	1331
142145	1332
142299	1333
142343	1334
142468	1335
142690	1336
142952	1337
142957	1338
143127	1339
143132	1340
143140	1341
143262	1342
143294	1343
143311	1344
143508	1345
143679	1346
144061	1347
144098	1348
144196	1349
144250	1350
144375	1351
144405	1352
144525	1353
144616	1354
144808	1355
144834	1356
144904	1357
144983	1358
145220	1359
145228	1360
145498	1361
145999	1362
146093	1363
146155	1364
146183	1365
146185	1366
146229	1367
146263	1368
146355	1369
146368	1370
146590	1371
146665	1372
146668	1373
146694	1374
146800	1375
146816	1376
146925	1377
147103	1378
147118	1379
147153	1380
147287	1381
147483	1382
147512	1383
147586	1384
147611	1385
147621	1386
148093	1387
148108	1388
148255	1389
148276	1390
148332	1391
148358	1392
148750	1393
148778	1394
148981	1395
149101	1396
149207	1397
149517	1398
149712	1399
149751	1400
149759	1401
149881	1402
149949	1403
150021	1404
150045	1405
150166	1406
150168	1407
150293	1408
150426	1409
150724	1410
150781	1411
150867	1412
150921	1413
150950	1414
151028	1415
151100	1416
151252	1417
151312	1418
151449	1419
151569	1420
151782	1421
151923	1422
152150	1423
152170	1424
152189	1425
152198	1426
152242	1427
152250	1428
152509	1429
152625	1430
152810	1431
153136	1432
153362	1433
153383	1434
153394	1435
153802	1436
153998	1437
154001	1438
154080	1439
154272	1440
154326	1441
154402	1442
154426	1443
154532	1444
154703	1445
154821	1446
155025	1447
155158	1448
155392	1449
155463	1450
155476	1451
155963	1452
155989	1453
156137	1454
156185	1455
156296	1456
156384	1457
156462	1458
156513	1459
156576	1460
156637	1461
156959	1462
157093	1463
157101	1464
157113	1465
157118	1466
157192	1467
157301	1468
157370	1469
157487	1470
157507	1471
157560	1472
157649	1473
157846	1474
158271	1475
158396	1476
158710	1477
158725	1478
158838	1479
158864	1480
158963	1481
159075	1482
159172	1483
159488	1484
159516	1485
159607	1486
159763	1487
159910	1488
159948	1489
159966	1490
159981	1491
160153	1492
160211	1493
160219	1494
160414	1495
160569	1496
160623	1497
160915	1498
161126	1499
161294	1500
161316	1501
161443	1502
161530	1503
161631	1504
161986	1505
162021	1506
162097	1507
162140	1508
162301	1509
162348	1510
162395	1511
162425	1512
162505	1513
162546	1514
162595	1515
162786	1516
162835	1517
162935	1518
163016	1519
163092	1520
163209	1521
163482	1522
163536	1523
163575	1524
163850	1525
163859	1526
164019	1527
164039	1528
164130	1529
164198	1530
164215	1531
164240	1532
164272	1533
164656	1534
164736	1535
164792	1536
165164	1537
165352	1538
165474	1539
165692	1540
165732	1541
165790	1542
165793	1543
165873	1544
166249	1545
166564	1546
166605	1547
166633	1548
166732	1549
166850	1550
166928	1551
166939	1552
167030	1553
167075	1554
167097	1555
167247	1556
167282	1557
167299	1558
167306	1559
167355	1560
167720	1561
167809	1562
167817	1563
167844	1564
167850	1565
167954	1566
168054	1567
168140	1568
168164	1569
168222	1570
168267	1571
168335	1572
168358	1573
168385	1574
168476	1575
168534	1576
168558	1577
168575	1578
168608	1579
168739	1580
168754	1581
168762	1582
168808	1583
169074	1584
169133	1585
169301	1586
169358	1587
169430	1588
169438	1589
169498	1590
169676	1591
170016	1592
170287	1593
170444	1594
170538	1595
170547	1596
170718	1597
170760	1598
170794	1599
170983	1600
171091	1601
171270	1602
171292	1603
171391	1604
171411	1605
172038	1606
172140	1607
172216	1608
172224	1609
172344	1610
172359	1611
172370	1612
172480	1613
172644	1614
172652	1615
172868	1616
172992	1617
173039	1618
173235	1619
173274	1620
173593	1621
173627	1622
173641	1623
173766	1624
173979	1625
174022	1626
174159	1627
174414	1628
174418	1629
174486	1630
174639	1631
174661	1632
174674	1633
174759	1634
174781	1635
174807	1636
174923	1637
174944	1638
175071	1639
175106	1640
175530	1641
175551	1642
175578	1643
175683	1644
175754	1645
175777	1646
175794	1647
175863	1648
175870	1649
175959	1650
176109	1651
176240	1652
176293	1653
176423	1654
176443	1655
176558	1656
176672	1657
176817	1658
176830	1659
176920	1660
176951	1661
177110	1662
177150	1663
177288	1664
177468	1665
177547	1666
177593	1667
177850	1668
178012	1669
178097	1670
178131	1671
178373	1672
178616	1673
178767	1674
178869	1675
179041	1676
179074	1677
179137	1678
179157	1679
179161	1680
179259	1681
179383	1682
179385	1683
179412	1684
179468	1685
179719	1686
179792	1687
180117	1688
180186	1689
180226	1690
180457	1691
180619	1692
180632	1693
180638	1694
180711	1695
180765	1696
180904	1697
180941	1698
181107	1699
181135	1700
181142	1701
181389	1702
181436	1703
181440	1704
181589	1705
181692	1706
181711	1707
181749	1708
181791	1709
181904	1710
182187	1711
182200	1712
182206	1713
182310	1714
182539	1715
182617	1716
182668	1717
182669	1718
182690	1719
182803	1720
182823	1721
182889	1722
183015	1723
183181	1724
183476	1725
184043	1726
184245	1727
184300	1728
184347	1729
184554	1730
184562	1731
184623	1732
184648	1733
184764	1734
184836	1735
184846	1736
185005	1737
185444	1738
185673	1739
185853	1740
186059	1741
186075	1742
186336	1743
186553	1744
186783	1745
186900	1746
186905	1747
186927	1748
186962	1749
186966	1750
187002	1751
187100	1752
187140	1753
187187	1754
187438	1755
187619	1756
187723	1757
187781	1758
187871	1759
188047	1760
188333	1761
188391	1762
188406	1763
188407	1764
188471	1765
188475	1766
188493	1767
188500	1768
188582	1769
188617	1770
188749	1771
188851	1772
188905	1773
189090	1774
189112	1775
189131	1776
189577	1777
189846	1778
189852	1779
189897	1780
190329	1781
190507	1782
190640	1783
190682	1784
190699	1785
190784	1786
190876	1787
190907	1788
190989	1789
191049	1790
191249	1791
191353	1792
191836	1793
191837	1794
192082	1795
192103	1796
192164	1797
192303	1798
192348	1799
192452	1800
192900	1801
193348	1802
193456	1803
193481	1804
193640	1805
193665	1806
193772	1807
193795	1808
194008	1809
194011	1810
194173	1811
194193	1812
194307	1813
194363	1814
194441	1815
194596	1816
194618	1817
194690	1818
194713	1819
194865	1820
194993	1821
195013	1822
195270	1823
195282	1824
195568	1825
195678	1826
195702	1827
195769	1828
195848	1829
196061	1830
196116	1831
196139	1832
196142	1833
196196	1834
196198	1835
196272	1836
196541	1837
196688	1838
196735	1839
197062	1840
197134	1841
197318	1842
197457	1843
197458	1844
197477	1845
197821	1846
198273	1847
198290	1848
198680	1849
198746	1850
198776	1851
198877	1852
198908	1853
198981	1854
199049	1855
199055	1856
199169	1857
199211	1858
199243	1859
199280	1860
199282	1861
199290	1862
199326	1863
199351	1864
199638	1865
199755	1866
199845	1867
199937	1868
200222	1869
200303	1870
200459	1871
200745	1872
200768	1873
200861	1874
201111	1875
201128	1876
201166	1877
201225	1878
201232	1879
201236	1880
201297	1881
201300	1882
201556	1883
201592	1884
201857	1885
201940	1886
201948	1887
202098	1888
202125	1889
202154	1890
202179	1891
202575	1892
202583	1893
202642	1894
202727	1895
202988	1896
203084	1897
203275	1898
203374	1899
203605	1900
203638	1901
203950	1902
203972	1903
203975	1904
204037	1905
204099	1906
204277	1907
204330	1908
204339	1909
204412	1910
204433	1911
204457	1912
204458	1913
204469	1914
204545	1915
204641	1916
204961	1917
204972	1918
205436	1919
205619	1920
205713	1921
205858	1922
205918	1923
205974	1924
206095	1925
206345	1926
206544	1927
207039	1928
207098	1929
207171	1930
207230	1931
207379	1932
207621	1933
207659	1934
207854	1935
207890	1936
208131	1937
208241	1938
208294	1939
208461	1940
208600	1941
208675	1942
208730	1943
208731	1944
208759	1945
208770	1946
208773	1947
208797	1948
208981	1949
209251	1950
209435	1951
209449	1952
209513	1953
209561	1954
209577	1955
209611	1956
210002	1957
210063	1958
210104	1959
210231	1960
210750	1961
210792	1962
210837	1963
210880	1964
210915	1965
210996	1966
211020	1967
211228	1968
211288	1969
211893	1970
212017	1971
212079	1972
212192	1973
212219	1974
212236	1975
212371	1976
212413	1977
212447	1978
212608	1979
212715	1980
212835	1981
212863	1982
212995	1983
213081	1984
213159	1985
213212	1986
213229	1987
213511	1988
213512	1989
213616	1990
213744	1991
213848	1992
213878	1993
214322	1994
214496	1995
214520	1996
214558	1997
214630	1998
214649	1999
214706	2000
214775	2001
215022	2002
215032	2003
215099	2004
215176	2005
215198	2006
215240	2007
215241	2008
215405	2009
215620	2010
215832	2011
215864	2012
215931	2013
216092	2014
216172	2015
216373	2016
216543	2017
216688	2018
216833	2019
216883	2020
216906	2021
217037	2022
217047	2023
217087	2024
217114	2025
217122	2026
217135	2027
217334	2028
217520	2029
217531	2030
217778	2031
218118	2032
218143	2033
218368	2034
218565	2035
218580	2036
218605	2037
218706	2038
218784	2039
218864	2040
218910	2041
218994	2042
219022	2043
219139	2044
219157	2045
219298	2046
219447	2047
219544	2048
219677	2049
219789	2050
219959	2051
220057	2052
220106	2053
220176	2054
220271	2055
220310	2056
220351	2057
220411	2058
220537	2059
220543	2060
220573	2061
220587	2062
221132	2063
221214	2064
221239	2065
221327	2066
221345	2067
221350	2068
221422	2069
221483	2070
221511	2071
221548	2072
222014	2073
222072	2074
222217	2075
222455	2076
222600	2077
222647	2078
222748	2079
222823	2080
222839	2081
222863	2082
222943	2083
223093	2084
223265	2085
223535	2086
223646	2087
223692	2088
223975	2089
224019	2090
224021	2091
224358	2092
224378	2093
224388	2094
224518	2095
224558	2096
224605	2097
224612	2098
224621	2099
224707	2100
224730	2101
224776	2102
225071	2103
225133	2104
225172	2105
225177	2106
225233	2107
225343	2108
225352	2109
225396	2110
225421	2111
225532	2112
225553	2113
225575	2114
225723	2115
225793	2116
225874	2117
225984	2118
226028	2119
226112	2120
226142	2121
226298	2122
226332	2123
226949	2124
227341	2125
227348	2126
227527	2127
227649	2128
227672	2129
227753	2130
228081	2131
228291	2132
228689	2133
228754	2134
228943	2135
229117	2136
229278	2137
229359	2138
229483	2139
229633	2140
229738	2141
229780	2142
229879	2143
229927	2144
229991	2145
230073	2146
230076	2147
230091	2148
230098	2149
230115	2150
230140	2151
230155	2152
230352	2153
230378	2154
230417	2155
230540	2156
230588	2157
230834	2158
230893	2159
230894	2160
230982	2161
231207	2162
231434	2163
231445	2164
231484	2165
231502	2166
231744	2167
231777	2168
231841	2169
231853	2170
231883	2171
231895	2172
231990	2173
232116	2174
232127	2175
232166	2176
232242	2177
232517	2178
232833	2179
232837	2180
233298	2181
233751	2182
233896	2183
233951	2184
233971	2185
234010	2186
234458	2187
234484	2188
234577	2189
235254	2190
235398	2191
235690	2192
235871	2193
235936	2194
236025	2195
236131	2196
236198	2197
236340	2198
236348	2199
236396	2200
236589	2201
236644	2202
236748	2203
236930	2204
236939	2205
236944	2206
237032	2207
237132	2208
237239	2209
237303	2210
237473	2211
237489	2212
237678	2213
237856	2214
237864	2215
237886	2216
237914	2217
237921	2218
238064	2219
238114	2220
238182	2221
238242	2222
238274	2223
238430	2224
238673	2225
238736	2226
238754	2227
238887	2228
239031	2229
239106	2230
239107	2231
239141	2232
239165	2233
239277	2234
239407	2235
239556	2236
239680	2237
239753	2238
239766	2239
239775	2240
239882	2241
239891	2242
239952	2243
240030	2244
240088	2245
240212	2246
240287	2247
240297	2248
240371	2249
240470	2250
240591	2251
240727	2252
240742	2253
240880	2254
240903	2255
241004	2256
241133	2257
241171	2258
241178	2259
241343	2260
241513	2261
241715	2262
241820	2263
242035	2264
242144	2265
242242	2266
242295	2267
242414	2268
242770	2269
242856	2270
242927	2271
242978	2272
242985	2273
243203	2274
243252	2275
243331	2276
243396	2277
243443	2278
243500	2279
243514	2280
243546	2281
243682	2282
243691	2283
243695	2284
243791	2285
243852	2286
243942	2287
244253	2288
244655	2289
244710	2290
244775	2291
245028	2292
245152	2293
245158	2294
245311	2295
245475	2296
245640	2297
245739	2298
246248	2299
246310	2300
246589	2301
246599	2302
246831	2303
246944	2304
247288	2305
247484	2306
247818	2307
247841	2308
248042	2309
248073	2310
248158	2311
248205	2312
248209	2313
248220	2314
248393	2315
248600	2316
248757	2317
248769	2318
248894	2319
249109	2320
249329	2321
249378	2322
249678	2323
249810	2324
249944	2325
250036	2326
250057	2327
250058	2328
250115	2329
250263	2330
250439	2331
250534	2332
251006	2333
251197	2334
251204	2335
251234	2336
251272	2337
251298	2338
251388	2339
251794	2340
251815	2341
251873	2342
251932	2343
252022	2344
252168	2345
252336	2346
252350	2347
252534	2348
252627	2349
252642	2350
252771	2351
252792	2352
253222	2353
253289	2354
253439	2355
253754	2356
254135	2357
254204	2358
254316	2359
254977	2360
255016	2361
255249	2362
255325	2363
255433	2364
255449	2365
255525	2366
255563	2367
255661	2368
255701	2369
255904	2370
255933	2371
256346	2372
256510	2373
256688	2374
256897	2375
256966	2376
257117	2377
257158	2378
257255	2379
257298	2380
257380	2381
257414	2382
257471	2383
257473	2384
257655	2385
257993	2386
258155	2387
258253	2388
258279	2389
258464	2390
258474	2391
258804	2392
258935	2393
258949	2394
259025	2395
259310	2396
259313	2397
259328	2398
259495	2399
259550	2400
259717	2401
260080	2402
260152	2403
260170	2404
260201	2405
260210	2406
260342	2407
260489	2408
260529	2409
260689	2410
260967	2411
261032	2412
261046	2413
261052	2414
261202	2415
261208	2416
261312	2417
261477	2418
261488	2419
261561	2420
261638	2421
261690	2422
261724	2423
261793	2424
261840	2425
262015	2426
262617	2427
262769	2428
262926	2429
263115	2430
263265	2431
263594	2432
263596	2433
263629	2434
263700	2435
263830	2436
263870	2437
263872	2438
263891	2439
263907	2440
264057	2441
264071	2442
264169	2443
264330	2444
264440	2445
264602	2446
264738	2447
264848	2448
264953	2449
265067	2450
265085	2451
265200	2452
265270	2453
265327	2454
265335	2455
265689	2456
265926	2457
265967	2458
266163	2459
266255	2460
266441	2461
266478	2462
266590	2463
266642	2464
266680	2465
266683	2466
266720	2467
266783	2468
267131	2469
267254	2470
267380	2471
267463	2472
267597	2473
267733	2474
267772	2475
267799	2476
267899	2477
268146	2478
268171	2479
268239	2480
268315	2481
268333	2482
268356	2483
268367	2484
268736	2485
268751	2486
269034	2487
269132	2488
269212	2489
269279	2490
269593	2491
269632	2492
269750	2493
269913	2494
270071	2495
270123	2496
270213	2497
270237	2498
270564	2499
270654	2500
270887	2501
