	run	F1	Acc	P@1	AUCROC	AUCPR	RankAvgPrec	CovErr	CovErrNorm	
NB_[1]	0	0.0346	0.0818	0.0579	0.7186	0.0767	0.2165	50.9160	0.0688	
NMF_[1]	0	0.0269	0.0688	0.0569	0.5744	0.0357	0.1933	59.6132	0.0806	
PF_[1]	0	0.3858	0.4011	0.4208	0.8068	0.2490	0.5312	204.2132	0.2760	
TF_[1]	0	0.0262	0.0651	0.0005	0.5327	0.0266	0.0705	478.7326	0.6469	
BL_[1]	0	0.0262	0.0651	0.0532	0.5000	0.0135	0.1879	71.7427	0.0969	
nMMSBM_[1]	0	0.1742	0.1726	0.2059	0.7814	0.1596	0.3731	62.1857	0.0840	
nMMSBM_[1]	1	0.1681	0.1956	0.2118	0.7861	0.1607	0.3781	60.3164	0.0815	
nMMSBM_[1]	2	0.1714	0.2261	0.2221	0.7895	0.1659	0.3871	59.0678	0.0798	
nMMSBM_[1]	3	0.1704	0.1672	0.2011	0.7831	0.1542	0.3735	61.1809	0.0827	
nMMSBM_[1]	4	0.1799	0.2249	0.2241	0.7835	0.1599	0.3876	59.9252	0.0810	
nMMSBM_[1]	5	0.1732	0.1898	0.2163	0.7912	0.1618	0.3815	57.6933	0.0780	
nMMSBM_[1]	6	0.1707	0.1963	0.2063	0.7878	0.1597	0.3783	58.2246	0.0787	
nMMSBM_[1]	7	0.1749	0.2053	0.2190	0.7929	0.1599	0.3831	57.9045	0.0782	
nMMSBM_[1]	8	0.1725	0.2228	0.2229	0.7864	0.1613	0.3877	60.7127	0.0820	
nMMSBM_[1]	9	0.1756	0.2067	0.2242	0.7925	0.1629	0.3879	58.6073	0.0792	
nMMSBM_[1]	10	0.1682	0.1463	0.1964	0.7914	0.1539	0.3723	59.7322	0.0807	
nMMSBM_[1]	11	0.1744	0.1857	0.2164	0.7865	0.1602	0.3822	59.3291	0.0802	
nMMSBM_[1]	12	0.1745	0.2006	0.2097	0.7931	0.1560	0.3809	56.0801	0.0758	
nMMSBM_[1]	13	0.1816	0.2103	0.2176	0.7843	0.1633	0.3813	60.4779	0.0817	
nMMSBM_[1]	14	0.1717	0.1943	0.2154	0.7944	0.1604	0.3864	55.9548	0.0756	
nMMSBM_[1]	15	0.1828	0.2100	0.2258	0.7915	0.1601	0.3910	59.7564	0.0808	
nMMSBM_[1]	16	0.1720	0.1807	0.2059	0.7932	0.1603	0.3758	57.7786	0.0781	
nMMSBM_[1]	17	0.1648	0.1918	0.2067	0.7890	0.1583	0.3756	59.1206	0.0799	
nMMSBM_[1]	18	0.1740	0.1987	0.2227	0.7949	0.1639	0.3843	57.0222	0.0771	
nMMSBM_[1]	19	0.1716	0.2053	0.2094	0.8025	0.1607	0.3858	54.7972	0.0741	
nMMSBM_[1]	21	0.1691	0.2132	0.2195	0.7793	0.1561	0.3839	61.7894	0.0835	
nMMSBM_[1]	22	0.1711	0.1987	0.2094	0.7979	0.1598	0.3803	54.7988	0.0741	
nMMSBM_[1]	23	0.1755	0.1963	0.2283	0.7907	0.1545	0.3915	58.5560	0.0791	
nMMSBM_[1]	24	0.1677	0.1976	0.2154	0.7876	0.1602	0.3796	59.4394	0.0803	
nMMSBM_[1]	25	0.1699	0.2114	0.2207	0.7808	0.1578	0.3793	59.5728	0.0805	
nMMSBM_[1]	26	0.1724	0.1757	0.2050	0.7957	0.1600	0.3759	56.4507	0.0763	
nMMSBM_[1]	27	0.1796	0.2133	0.2273	0.7907	0.1600	0.3878	59.3932	0.0803	
nMMSBM_[1]	28	0.1768	0.2132	0.2221	0.7942	0.1655	0.3871	56.3084	0.0761	
nMMSBM_[1]	29	0.1738	0.2019	0.2203	0.7883	0.1567	0.3830	59.4004	0.0803	
nMMSBM_[1]	30	0.1689	0.1957	0.2070	0.7873	0.1614	0.3771	58.0777	0.0785	
nMMSBM_[1]	31	0.1771	0.2081	0.2182	0.7948	0.1592	0.3866	56.6636	0.0766	
nMMSBM_[1]	32	0.1703	0.1923	0.2084	0.7917	0.1541	0.3769	57.5661	0.0778	
nMMSBM_[1]	33	0.1698	0.1936	0.2167	0.7778	0.1587	0.3846	63.2247	0.0854	
nMMSBM_[1]	34	0.1735	0.2176	0.2275	0.7896	0.1605	0.3917	58.9537	0.0797	
nMMSBM_[1]	35	0.1791	0.1930	0.2150	0.7814	0.1574	0.3816	60.7433	0.0821	
nMMSBM_[1]	36	0.1737	0.2074	0.2166	0.7922	0.1632	0.3858	56.5545	0.0764	
nMMSBM_[1]	37	0.1797	0.1937	0.2201	0.7935	0.1655	0.3856	58.8248	0.0795	
nMMSBM_[1]	38	0.1700	0.2050	0.2221	0.7833	0.1582	0.3880	61.1201	0.0826	
nMMSBM_[1]	39	0.1759	0.1919	0.2092	0.7834	0.1602	0.3783	58.8762	0.0796	
nMMSBM_[1]	40	0.1802	0.1940	0.2074	0.7962	0.1612	0.3807	56.4580	0.0763	
nMMSBM_[1]	41	0.1768	0.1982	0.2188	0.7902	0.1647	0.3851	58.2597	0.0787	
nMMSBM_[1]	42	0.1772	0.2053	0.2210	0.7964	0.1638	0.3862	53.9258	0.0729	
nMMSBM_[1]	43	0.1803	0.1885	0.2083	0.7966	0.1625	0.3807	57.7786	0.0781	
nMMSBM_[1]	44	0.1742	0.1745	0.2045	0.7868	0.1610	0.3789	59.4520	0.0803	
nMMSBM_[1]	45	0.1777	0.1988	0.2210	0.7902	0.1656	0.3869	57.8607	0.0782	
nMMSBM_[1]	46	0.1789	0.2000	0.2228	0.7986	0.1597	0.3887	55.5838	0.0751	
nMMSBM_[1]	47	0.1711	0.1898	0.2118	0.7897	0.1580	0.3811	58.9281	0.0796	
nMMSBM_[1]	48	0.1717	0.2034	0.2159	0.7906	0.1614	0.3807	56.9381	0.0769	
nMMSBM_[1]	49	0.1754	0.2169	0.2198	0.7943	0.1644	0.3865	59.2367	0.0800	
nMMSBM_[1]	50	0.1850	0.2125	0.2218	0.7992	0.1620	0.3894	56.4952	0.0763	
nMMSBM_[1]	51	0.1739	0.1827	0.2092	0.7860	0.1603	0.3781	59.8588	0.0809	
nMMSBM_[1]	52	0.1684	0.2023	0.2062	0.7953	0.1602	0.3773	56.6053	0.0765	
nMMSBM_[1]	53	0.1759	0.2086	0.2149	0.7923	0.1587	0.3799	58.5442	0.0791	
nMMSBM_[1]	54	0.1728	0.1857	0.2096	0.7897	0.1632	0.3770	56.8074	0.0768	
nMMSBM_[1]	55	0.1727	0.2107	0.2213	0.7992	0.1599	0.3865	55.4116	0.0749	
nMMSBM_[1]	56	0.1742	0.1936	0.2126	0.7913	0.1576	0.3829	57.2145	0.0773	
nMMSBM_[1]	57	0.1759	0.2021	0.2157	0.7971	0.1657	0.3850	54.2662	0.0733	
nMMSBM_[1]	58	0.1790	0.1924	0.2119	0.7941	0.1609	0.3804	56.1021	0.0758	
nMMSBM_[1]	59	0.1775	0.2093	0.2227	0.7969	0.1625	0.3886	56.7321	0.0767	
nMMSBM_[1]	60	0.1762	0.2081	0.2261	0.7892	0.1654	0.3876	58.5342	0.0791	
nMMSBM_[1]	61	0.1677	0.2019	0.2172	0.8030	0.1606	0.3842	52.8135	0.0714	
nMMSBM_[1]	62	0.1652	0.2042	0.2138	0.7785	0.1583	0.3826	64.7587	0.0875	
nMMSBM_[1]	63	0.1747	0.2032	0.2141	0.7939	0.1601	0.3817	57.2761	0.0774	
nMMSBM_[1]	64	0.1722	0.1998	0.2145	0.7908	0.1575	0.3778	58.4506	0.0790	
nMMSBM_[1]	65	0.1778	0.1885	0.2161	0.8021	0.1591	0.3825	55.8834	0.0755	
nMMSBM_[1]	66	0.1676	0.1957	0.2115	0.7911	0.1573	0.3803	57.6245	0.0779	
nMMSBM_[1]	67	0.1712	0.2098	0.2254	0.7936	0.1604	0.3871	57.1312	0.0772	
nMMSBM_[1]	68	0.1738	0.1964	0.2213	0.7900	0.1595	0.3858	57.3284	0.0775	
nMMSBM_[1]	69	0.1714	0.2025	0.2173	0.7845	0.1606	0.3813	61.5562	0.0832	
nMMSBM_[1]	70	0.1751	0.2051	0.2132	0.7941	0.1565	0.3794	55.7424	0.0753	
nMMSBM_[1]	71	0.1774	0.2079	0.2254	0.8001	0.1607	0.3855	54.6322	0.0738	
nMMSBM_[1]	72	0.1760	0.2179	0.2250	0.7830	0.1620	0.3866	59.1909	0.0800	
nMMSBM_[1]	73	0.1784	0.2111	0.2181	0.7953	0.1633	0.3859	57.3886	0.0776	
nMMSBM_[1]	74	0.1738	0.1788	0.2063	0.7877	0.1556	0.3777	58.9000	0.0796	
nMMSBM_[1]	75	0.1789	0.1872	0.2101	0.7983	0.1603	0.3825	55.3579	0.0748	
nMMSBM_[1]	76	0.1702	0.2010	0.2090	0.7888	0.1630	0.3796	59.4154	0.0803	
nMMSBM_[1]	77	0.1694	0.2059	0.2162	0.7798	0.1588	0.3785	61.4554	0.0830	
nMMSBM_[1]	78	0.1733	0.2145	0.2210	0.7865	0.1567	0.3821	59.6158	0.0806	
nMMSBM_[1]	79	0.1753	0.1988	0.2199	0.7908	0.1635	0.3867	58.0081	0.0784	
nMMSBM_[1]	80	0.1712	0.1919	0.2087	0.7931	0.1612	0.3787	56.1778	0.0759	
nMMSBM_[1]	81	0.1761	0.2069	0.2151	0.7963	0.1597	0.3840	56.7399	0.0767	
nMMSBM_[1]	82	0.1730	0.1995	0.2206	0.7863	0.1589	0.3850	58.3699	0.0789	
nMMSBM_[1]	83	0.1691	0.1876	0.2021	0.7856	0.1591	0.3754	59.0696	0.0798	
nMMSBM_[1]	84	0.1752	0.2125	0.2242	0.7835	0.1603	0.3873	60.5794	0.0819	
nMMSBM_[1]	85	0.1752	0.2148	0.2192	0.7876	0.1569	0.3853	60.4250	0.0817	
nMMSBM_[1]	86	0.1736	0.2000	0.2094	0.7951	0.1588	0.3799	55.8523	0.0755	
nMMSBM_[1]	87	0.1756	0.2157	0.2239	0.7919	0.1617	0.3866	57.9945	0.0784	
nMMSBM_[1]	88	0.1795	0.1959	0.2139	0.7897	0.1579	0.3822	58.4620	0.0790	
nMMSBM_[1]	89	0.1743	0.2048	0.2128	0.7936	0.1577	0.3838	57.5610	0.0778	
nMMSBM_[1]	90	0.1813	0.1936	0.2216	0.7992	0.1666	0.3859	55.1708	0.0746	
nMMSBM_[1]	91	0.1781	0.1947	0.2125	0.7894	0.1633	0.3800	58.7333	0.0794	
nMMSBM_[1]	92	0.1784	0.1993	0.2241	0.7962	0.1600	0.3903	55.5314	0.0750	
nMMSBM_[1]	93	0.1778	0.2046	0.2191	0.7880	0.1622	0.3850	58.0716	0.0785	
nMMSBM_[1]	94	0.1754	0.2034	0.2152	0.7965	0.1614	0.3840	56.7504	0.0767	
nMMSBM_[1]	95	0.1733	0.1910	0.2117	0.7943	0.1604	0.3815	57.7434	0.0780	
nMMSBM_[1]	96	0.1714	0.1773	0.2079	0.7879	0.1594	0.3783	59.2315	0.0800	
nMMSBM_[1]	97	0.1772	0.1980	0.2217	0.7883	0.1597	0.3847	60.1838	0.0813	
nMMSBM_[1]	98	0.1684	0.1882	0.2019	0.7929	0.1567	0.3793	56.4325	0.0763	
nMMSBM_[1]	99	0.1707	0.2086	0.2047	0.7862	0.1606	0.3730	59.9149	0.0810	
KNN_[1]	0	0.2280	0.2375	0.2537	0.6758	0.1683	0.3470	429.1452	0.5799	
Rand_[1]	0	0.0262	0.0651	0.0008	0.4999	0.0142	0.0740	349.9496	0.4729	
NB_[2]	0	0.0415	0.0811	0.0721	0.7033	0.0594	0.2209	54.3882	0.0735	
NMF_[2]	0	0.0328	0.0937	0.0721	0.5941	0.0471	0.1993	84.8914	0.1147	
PF_[2]	0	0.4528	0.4353	0.4375	0.7803	0.3288	0.5348	280.3717	0.3789	
TF_[2]	0	0.0262	0.0651	0.0042	0.5068	0.0261	0.1106	98.7238	0.1334	
BL_[2]	0	0.0262	0.0651	0.0532	0.5000	0.0135	0.1879	71.7139	0.0969	
nMMSBM_[2]	0	0.3172	0.3241	0.3368	0.7616	0.2509	0.4539	66.4729	0.0898	
nMMSBM_[2]	1	0.3020	0.3165	0.3319	0.7585	0.2525	0.4497	67.5785	0.0913	
nMMSBM_[2]	2	0.3161	0.3215	0.3314	0.7613	0.2536	0.4500	73.5433	0.0994	
nMMSBM_[2]	3	0.3140	0.3230	0.3438	0.7691	0.2580	0.4599	69.6123	0.0941	
nMMSBM_[2]	4	0.3179	0.3313	0.3459	0.7827	0.2583	0.4628	62.1392	0.0840	
nMMSBM_[2]	5	0.3137	0.3202	0.3316	0.7569	0.2542	0.4493	75.4842	0.1020	
nMMSBM_[2]	6	0.3129	0.3246	0.3316	0.7667	0.2535	0.4515	74.2576	0.1003	
nMMSBM_[2]	7	0.3190	0.3263	0.3361	0.7616	0.2515	0.4522	71.9992	0.0973	
nMMSBM_[2]	8	0.3219	0.3272	0.3344	0.7721	0.2554	0.4531	69.8543	0.0944	
nMMSBM_[2]	9	0.3073	0.3190	0.3314	0.7734	0.2532	0.4514	63.7022	0.0861	
nMMSBM_[2]	10	0.3222	0.3272	0.3376	0.7674	0.2575	0.4567	68.2745	0.0923	
nMMSBM_[2]	11	0.3134	0.3189	0.3364	0.7674	0.2552	0.4527	77.7006	0.1050	
nMMSBM_[2]	12	0.3146	0.3268	0.3348	0.7651	0.2577	0.4531	65.5803	0.0886	
nMMSBM_[2]	13	0.3124	0.3279	0.3385	0.7718	0.2606	0.4565	63.3103	0.0856	
nMMSBM_[2]	14	0.3134	0.3245	0.3409	0.7716	0.2555	0.4588	72.7286	0.0983	
nMMSBM_[2]	15	0.3225	0.3311	0.3389	0.7698	0.2575	0.4576	77.3738	0.1046	
nMMSBM_[2]	16	0.3150	0.3279	0.3370	0.7630	0.2553	0.4541	81.2834	0.1098	
nMMSBM_[2]	17	0.3103	0.3192	0.3275	0.7687	0.2526	0.4486	68.9594	0.0932	
nMMSBM_[2]	18	0.3192	0.3235	0.3274	0.7705	0.2568	0.4489	70.1529	0.0948	
nMMSBM_[2]	19	0.3126	0.3247	0.3339	0.7712	0.2588	0.4534	73.8603	0.0998	
nMMSBM_[2]	20	0.3200	0.3308	0.3365	0.7693	0.2553	0.4562	63.0456	0.0852	
nMMSBM_[2]	21	0.3170	0.3260	0.3268	0.7665	0.2519	0.4477	73.2069	0.0989	
nMMSBM_[2]	22	0.3132	0.3234	0.3258	0.7654	0.2487	0.4476	69.3679	0.0937	
nMMSBM_[2]	23	0.3128	0.3240	0.3262	0.7686	0.2475	0.4467	69.8321	0.0944	
nMMSBM_[2]	24	0.3157	0.3207	0.3348	0.7600	0.2524	0.4514	68.6920	0.0928	
nMMSBM_[2]	25	0.3135	0.3246	0.3306	0.7633	0.2526	0.4495	82.1522	0.1110	
nMMSBM_[2]	26	0.3187	0.3294	0.3392	0.7597	0.2506	0.4544	67.1690	0.0908	
nMMSBM_[2]	27	0.3154	0.3271	0.3341	0.7703	0.2546	0.4527	65.4258	0.0884	
nMMSBM_[2]	28	0.3190	0.3304	0.3347	0.7720	0.2593	0.4542	64.1030	0.0866	
nMMSBM_[2]	29	0.3163	0.3261	0.3364	0.7664	0.2517	0.4521	69.7303	0.0942	
nMMSBM_[2]	30	0.3082	0.3182	0.3374	0.7632	0.2574	0.4554	69.2582	0.0936	
nMMSBM_[2]	31	0.3170	0.3268	0.3286	0.7570	0.2531	0.4463	67.7812	0.0916	
nMMSBM_[2]	32	0.3095	0.3276	0.3416	0.7680	0.2514	0.4559	71.4060	0.0965	
nMMSBM_[2]	33	0.3130	0.3217	0.3341	0.7627	0.2496	0.4502	74.0406	0.1001	
nMMSBM_[2]	34	0.3163	0.3263	0.3411	0.7692	0.2581	0.4580	64.1710	0.0867	
nMMSBM_[2]	35	0.3226	0.3281	0.3336	0.7688	0.2531	0.4515	66.3557	0.0897	
nMMSBM_[2]	36	0.3131	0.3258	0.3336	0.7593	0.2520	0.4516	65.2304	0.0881	
nMMSBM_[2]	37	0.3173	0.3269	0.3366	0.7624	0.2578	0.4527	67.4628	0.0912	
nMMSBM_[2]	38	0.3122	0.3246	0.3370	0.7602	0.2491	0.4531	73.9273	0.0999	
nMMSBM_[2]	39	0.3170	0.3269	0.3327	0.7597	0.2531	0.4482	79.3588	0.1072	
nMMSBM_[2]	40	0.3171	0.3246	0.3370	0.7769	0.2582	0.4578	64.8941	0.0877	
nMMSBM_[2]	41	0.3138	0.3264	0.3401	0.7598	0.2539	0.4558	65.4076	0.0884	
nMMSBM_[2]	42	0.3187	0.3273	0.3375	0.7554	0.2555	0.4534	72.6978	0.0982	
nMMSBM_[2]	43	0.3164	0.3265	0.3301	0.7687	0.2508	0.4504	73.9393	0.0999	
nMMSBM_[2]	44	0.3156	0.3256	0.3315	0.7704	0.2578	0.4507	68.1937	0.0922	
nMMSBM_[2]	45	0.3100	0.3175	0.3341	0.7643	0.2561	0.4515	72.7353	0.0983	
nMMSBM_[2]	46	0.3183	0.3256	0.3321	0.7711	0.2582	0.4503	69.0739	0.0933	
nMMSBM_[2]	47	0.3180	0.3275	0.3336	0.7651	0.2534	0.4511	68.4922	0.0926	
nMMSBM_[2]	48	0.3155	0.3213	0.3364	0.7669	0.2580	0.4548	67.1109	0.0907	
nMMSBM_[2]	49	0.3175	0.3290	0.3379	0.7683	0.2562	0.4547	66.1025	0.0893	
nMMSBM_[2]	50	0.3133	0.3260	0.3356	0.7613	0.2524	0.4512	72.7365	0.0983	
nMMSBM_[2]	51	0.3209	0.3301	0.3381	0.7705	0.2524	0.4548	66.4152	0.0898	
nMMSBM_[2]	52	0.3185	0.3315	0.3386	0.7691	0.2560	0.4535	68.4253	0.0925	
nMMSBM_[2]	53	0.3180	0.3272	0.3343	0.7699	0.2521	0.4528	68.1151	0.0920	
nMMSBM_[2]	54	0.3128	0.3246	0.3371	0.7593	0.2561	0.4540	71.4656	0.0966	
nMMSBM_[2]	55	0.3156	0.3252	0.3367	0.7665	0.2565	0.4558	72.5835	0.0981	
nMMSBM_[2]	56	0.3077	0.3267	0.3336	0.7636	0.2559	0.4518	67.6589	0.0914	
nMMSBM_[2]	57	0.3124	0.3231	0.3303	0.7601	0.2511	0.4504	71.5624	0.0967	
nMMSBM_[2]	58	0.3165	0.3280	0.3324	0.7680	0.2538	0.4491	69.2643	0.0936	
nMMSBM_[2]	59	0.3216	0.3254	0.3388	0.7642	0.2591	0.4552	84.0283	0.1136	
nMMSBM_[2]	60	0.3179	0.3276	0.3295	0.7632	0.2561	0.4504	77.3856	0.1046	
nMMSBM_[2]	61	0.3215	0.3255	0.3387	0.7697	0.2558	0.4554	66.4897	0.0899	
nMMSBM_[2]	62	0.3198	0.3282	0.3357	0.7739	0.2525	0.4521	60.5088	0.0818	
nMMSBM_[2]	63	0.3187	0.3235	0.3369	0.7605	0.2530	0.4537	76.8087	0.1038	
nMMSBM_[2]	64	0.3104	0.3223	0.3361	0.7593	0.2550	0.4538	73.4927	0.0993	
nMMSBM_[2]	65	0.3170	0.3259	0.3301	0.7622	0.2517	0.4491	70.6991	0.0955	
nMMSBM_[2]	66	0.3154	0.3304	0.3392	0.7672	0.2573	0.4543	65.1337	0.0880	
nMMSBM_[2]	67	0.3110	0.3213	0.3252	0.7777	0.2522	0.4488	66.9897	0.0905	
nMMSBM_[2]	68	0.3113	0.3198	0.3308	0.7559	0.2510	0.4515	73.0504	0.0987	
nMMSBM_[2]	69	0.3176	0.3224	0.3361	0.7683	0.2537	0.4542	65.7282	0.0888	
nMMSBM_[2]	70	0.3275	0.3308	0.3360	0.7695	0.2605	0.4534	61.1037	0.0826	
nMMSBM_[2]	71	0.3229	0.3276	0.3328	0.7700	0.2521	0.4506	68.7886	0.0930	
nMMSBM_[2]	72	0.3132	0.3238	0.3323	0.7633	0.2537	0.4511	72.5615	0.0981	
nMMSBM_[2]	73	0.3173	0.3244	0.3399	0.7666	0.2573	0.4554	64.5871	0.0873	
nMMSBM_[2]	74	0.3190	0.3303	0.3415	0.7662	0.2615	0.4593	66.6179	0.0900	
nMMSBM_[2]	75	0.3130	0.3213	0.3375	0.7727	0.2532	0.4551	64.7976	0.0876	
nMMSBM_[2]	76	0.3074	0.3239	0.3321	0.7597	0.2538	0.4505	65.9555	0.0891	
nMMSBM_[2]	77	0.3200	0.3250	0.3397	0.7671	0.2543	0.4564	70.8602	0.0958	
nMMSBM_[2]	78	0.3077	0.3206	0.3274	0.7679	0.2528	0.4482	65.2992	0.0882	
nMMSBM_[2]	79	0.3278	0.3351	0.3447	0.7678	0.2573	0.4595	64.5159	0.0872	
nMMSBM_[2]	80	0.3115	0.3238	0.3344	0.7612	0.2567	0.4561	69.4064	0.0938	
nMMSBM_[2]	81	0.3181	0.3282	0.3372	0.7623	0.2576	0.4546	75.4232	0.1019	
nMMSBM_[2]	82	0.3100	0.3211	0.3253	0.7690	0.2539	0.4469	67.6234	0.0914	
nMMSBM_[2]	83	0.3133	0.3244	0.3298	0.7660	0.2525	0.4520	70.6521	0.0955	
nMMSBM_[2]	84	0.3202	0.3283	0.3409	0.7714	0.2579	0.4572	63.2079	0.0854	
nMMSBM_[2]	85	0.3180	0.3297	0.3341	0.7718	0.2540	0.4531	62.2744	0.0842	
nMMSBM_[2]	86	0.3041	0.3157	0.3262	0.7569	0.2497	0.4469	71.5578	0.0967	
nMMSBM_[2]	87	0.3188	0.3248	0.3370	0.7597	0.2540	0.4537	77.5431	0.1048	
nMMSBM_[2]	88	0.3151	0.3260	0.3312	0.7692	0.2557	0.4514	64.8249	0.0876	
nMMSBM_[2]	89	0.3146	0.3294	0.3367	0.7694	0.2527	0.4563	66.2272	0.0895	
nMMSBM_[2]	90	0.3231	0.3240	0.3336	0.7725	0.2551	0.4525	70.3973	0.0951	
nMMSBM_[2]	91	0.3177	0.3302	0.3369	0.7608	0.2538	0.4541	75.0085	0.1014	
nMMSBM_[2]	92	0.3132	0.3253	0.3356	0.7636	0.2529	0.4510	66.0042	0.0892	
nMMSBM_[2]	93	0.3229	0.3306	0.3413	0.7664	0.2592	0.4562	64.0776	0.0866	
nMMSBM_[2]	94	0.3133	0.3193	0.3354	0.7705	0.2565	0.4528	70.3098	0.0950	
nMMSBM_[2]	95	0.3191	0.3269	0.3297	0.7632	0.2522	0.4477	71.4398	0.0965	
nMMSBM_[2]	96	0.3079	0.3250	0.3297	0.7637	0.2524	0.4487	67.6229	0.0914	
nMMSBM_[2]	97	0.3151	0.3296	0.3369	0.7647	0.2527	0.4552	72.2798	0.0977	
nMMSBM_[2]	98	0.3114	0.3218	0.3307	0.7689	0.2553	0.4531	63.2159	0.0854	
nMMSBM_[2]	99	0.3083	0.3227	0.3359	0.7640	0.2510	0.4532	65.5390	0.0886	
KNN_[2]	0	0.2936	0.2528	0.2751	0.7029	0.2213	0.3819	391.2090	0.5287	
Rand_[2]	0	0.0262	0.0651	0.0009	0.5009	0.0143	0.0742	349.3028	0.4720	
NB_[3]	0	0.0463	0.0731	0.0846	0.7005	0.0576	0.2264	56.4626	0.0763	
NMF_[3]	0	0.0371	0.1024	0.0658	0.5650	0.0403	0.1762	189.2462	0.2557	
PF_[3]	0	0.4999	0.4407	0.4199	0.7474	0.3719	0.5007	335.9766	0.4540	
TF_[3]	0	0.0262	0.0651	0.0042	0.4805	0.0159	0.0962	114.7233	0.1550	
BL_[3]	0	0.0262	0.0651	0.0532	0.5000	0.0135	0.1879	71.7228	0.0969	
nMMSBM_[3]	0	0.3204	0.3102	0.3196	0.7360	0.2607	0.4363	80.3667	0.1086	
nMMSBM_[3]	1	0.3227	0.3112	0.3235	0.7381	0.2581	0.4391	77.9233	0.1053	
nMMSBM_[3]	2	0.3222	0.3105	0.3182	0.7395	0.2581	0.4347	79.1478	0.1070	
nMMSBM_[3]	3	0.3271	0.3104	0.3190	0.7401	0.2596	0.4334	81.1774	0.1097	
nMMSBM_[3]	4	0.3244	0.3095	0.3225	0.7403	0.2650	0.4384	82.7812	0.1119	
nMMSBM_[3]	5	0.3298	0.3143	0.3253	0.7500	0.2670	0.4425	67.8723	0.0917	
nMMSBM_[3]	6	0.3218	0.3076	0.3156	0.7321	0.2619	0.4339	75.4288	0.1019	
nMMSBM_[3]	7	0.3246	0.3056	0.3187	0.7337	0.2586	0.4349	80.8381	0.1092	
nMMSBM_[3]	8	0.3260	0.3129	0.3218	0.7323	0.2607	0.4352	78.0742	0.1055	
nMMSBM_[3]	9	0.3230	0.3141	0.3221	0.7377	0.2587	0.4385	83.9157	0.1134	
nMMSBM_[3]	10	0.3205	0.3049	0.3172	0.7301	0.2586	0.4318	78.1774	0.1056	
nMMSBM_[3]	11	0.3289	0.3084	0.3199	0.7417	0.2593	0.4344	90.2216	0.1219	
nMMSBM_[3]	12	0.3222	0.3050	0.3218	0.7338	0.2594	0.4386	81.5187	0.1102	
nMMSBM_[3]	13	0.3260	0.3133	0.3166	0.7432	0.2631	0.4339	73.9321	0.0999	
nMMSBM_[3]	14	0.3272	0.3153	0.3234	0.7457	0.2673	0.4400	69.4697	0.0939	
nMMSBM_[3]	15	0.3259	0.3146	0.3225	0.7436	0.2667	0.4380	78.5612	0.1062	
nMMSBM_[3]	16	0.3223	0.3090	0.3201	0.7351	0.2588	0.4338	76.2873	0.1031	
nMMSBM_[3]	17	0.3206	0.3063	0.3164	0.7241	0.2577	0.4350	76.0765	0.1028	
nMMSBM_[3]	18	0.3240	0.3129	0.3235	0.7447	0.2656	0.4406	74.2305	0.1003	
nMMSBM_[3]	19	0.3286	0.3137	0.3241	0.7443	0.2675	0.4405	83.8851	0.1134	
nMMSBM_[3]	20	0.3224	0.3084	0.3185	0.7372	0.2570	0.4321	81.3214	0.1099	
nMMSBM_[3]	21	0.3270	0.3117	0.3196	0.7313	0.2615	0.4350	80.0248	0.1081	
nMMSBM_[3]	22	0.3245	0.3084	0.3213	0.7374	0.2650	0.4390	77.3069	0.1045	
nMMSBM_[3]	23	0.3242	0.3084	0.3209	0.7371	0.2592	0.4350	83.3543	0.1126	
nMMSBM_[3]	24	0.3167	0.3097	0.3207	0.7272	0.2590	0.4353	87.2913	0.1180	
nMMSBM_[3]	25	0.3232	0.3131	0.3238	0.7384	0.2633	0.4391	75.6306	0.1022	
nMMSBM_[3]	26	0.3266	0.3120	0.3194	0.7394	0.2633	0.4340	97.1176	0.1312	
nMMSBM_[3]	27	0.3233	0.3066	0.3219	0.7352	0.2563	0.4361	75.3454	0.1018	
nMMSBM_[3]	28	0.3226	0.3112	0.3226	0.7330	0.2639	0.4383	79.0424	0.1068	
nMMSBM_[3]	29	0.3193	0.3070	0.3213	0.7469	0.2577	0.4370	75.9177	0.1026	
nMMSBM_[3]	30	0.3252	0.3068	0.3211	0.7302	0.2605	0.4352	84.1361	0.1137	
nMMSBM_[3]	31	0.3181	0.3049	0.3153	0.7404	0.2580	0.4330	84.0036	0.1135	
nMMSBM_[3]	32	0.3279	0.3132	0.3254	0.7323	0.2601	0.4405	83.3208	0.1126	
nMMSBM_[3]	33	0.3179	0.3022	0.3199	0.7382	0.2557	0.4364	76.7868	0.1038	
nMMSBM_[3]	34	0.3270	0.3128	0.3235	0.7533	0.2641	0.4380	75.3250	0.1018	
nMMSBM_[3]	35	0.3253	0.3102	0.3230	0.7367	0.2620	0.4372	77.7752	0.1051	
nMMSBM_[3]	36	0.3272	0.3133	0.3218	0.7471	0.2607	0.4389	82.6902	0.1117	
nMMSBM_[3]	37	0.3201	0.3057	0.3199	0.7362	0.2581	0.4348	83.2815	0.1125	
nMMSBM_[3]	38	0.3153	0.3049	0.3221	0.7380	0.2521	0.4364	71.2344	0.0963	
nMMSBM_[3]	39	0.3252	0.3149	0.3210	0.7445	0.2602	0.4356	79.9201	0.1080	
nMMSBM_[3]	40	0.3293	0.3111	0.3213	0.7479	0.2620	0.4376	74.5895	0.1008	
nMMSBM_[3]	41	0.3254	0.3147	0.3270	0.7339	0.2630	0.4409	82.0372	0.1109	
nMMSBM_[3]	42	0.3253	0.3084	0.3191	0.7419	0.2645	0.4367	73.9342	0.0999	
nMMSBM_[3]	43	0.3238	0.3124	0.3163	0.7290	0.2572	0.4330	74.3263	0.1004	
nMMSBM_[3]	44	0.3273	0.3107	0.3211	0.7419	0.2634	0.4362	90.7806	0.1227	
nMMSBM_[3]	45	0.3311	0.3190	0.3243	0.7422	0.2644	0.4400	76.8378	0.1038	
nMMSBM_[3]	46	0.3216	0.3066	0.3162	0.7355	0.2592	0.4352	76.1208	0.1029	
nMMSBM_[3]	47	0.3225	0.3101	0.3226	0.7389	0.2620	0.4378	81.5100	0.1101	
nMMSBM_[3]	48	0.3363	0.3123	0.3216	0.7438	0.2686	0.4370	77.5133	0.1047	
nMMSBM_[3]	49	0.3236	0.3135	0.3238	0.7415	0.2614	0.4394	76.2139	0.1030	
nMMSBM_[3]	50	0.3231	0.3123	0.3186	0.7240	0.2609	0.4325	90.1645	0.1218	
nMMSBM_[3]	51	0.3235	0.3129	0.3212	0.7437	0.2625	0.4378	80.0815	0.1082	
nMMSBM_[3]	52	0.3214	0.3074	0.3195	0.7421	0.2595	0.4375	76.8036	0.1038	
nMMSBM_[3]	53	0.3318	0.3200	0.3279	0.7462	0.2686	0.4442	76.9075	0.1039	
nMMSBM_[3]	54	0.3280	0.3179	0.3238	0.7434	0.2670	0.4404	77.8290	0.1052	
nMMSBM_[3]	55	0.3268	0.3084	0.3197	0.7352	0.2564	0.4340	74.8092	0.1011	
nMMSBM_[3]	56	0.3189	0.3071	0.3188	0.7276	0.2562	0.4337	91.1314	0.1232	
nMMSBM_[3]	57	0.3283	0.3092	0.3212	0.7343	0.2578	0.4343	90.2221	0.1219	
nMMSBM_[3]	58	0.3194	0.3054	0.3178	0.7365	0.2593	0.4327	85.0847	0.1150	
nMMSBM_[3]	59	0.3281	0.3084	0.3190	0.7517	0.2653	0.4382	76.9273	0.1040	
nMMSBM_[3]	60	0.3252	0.3036	0.3205	0.7350	0.2583	0.4353	83.7352	0.1132	
nMMSBM_[3]	61	0.3275	0.3157	0.3263	0.7424	0.2687	0.4421	72.9369	0.0986	
nMMSBM_[3]	62	0.3225	0.3078	0.3247	0.7404	0.2609	0.4390	72.2021	0.0976	
nMMSBM_[3]	63	0.3274	0.3140	0.3225	0.7391	0.2634	0.4382	79.6391	0.1076	
nMMSBM_[3]	64	0.3257	0.3098	0.3173	0.7373	0.2628	0.4350	86.4385	0.1168	
nMMSBM_[3]	65	0.3258	0.3074	0.3204	0.7405	0.2621	0.4373	82.0775	0.1109	
nMMSBM_[3]	66	0.3203	0.3101	0.3202	0.7491	0.2627	0.4363	71.6098	0.0968	
nMMSBM_[3]	67	0.3251	0.3108	0.3232	0.7384	0.2613	0.4383	77.9735	0.1054	
nMMSBM_[3]	68	0.3215	0.3112	0.3215	0.7381	0.2571	0.4358	81.3947	0.1100	
nMMSBM_[3]	69	0.3242	0.3087	0.3192	0.7365	0.2645	0.4358	83.9459	0.1134	
nMMSBM_[3]	70	0.3258	0.3105	0.3219	0.7294	0.2632	0.4364	81.8026	0.1105	
nMMSBM_[3]	71	0.3193	0.3104	0.3226	0.7390	0.2555	0.4383	86.2623	0.1166	
nMMSBM_[3]	72	0.3237	0.3092	0.3218	0.7420	0.2623	0.4389	77.9075	0.1053	
nMMSBM_[3]	73	0.3242	0.3091	0.3179	0.7386	0.2642	0.4337	75.7793	0.1024	
nMMSBM_[3]	74	0.3267	0.3112	0.3207	0.7379	0.2616	0.4363	82.1587	0.1110	
nMMSBM_[3]	75	0.3205	0.3061	0.3146	0.7403	0.2602	0.4320	76.8819	0.1039	
nMMSBM_[3]	76	0.3173	0.3076	0.3201	0.7454	0.2573	0.4380	76.7533	0.1037	
nMMSBM_[3]	77	0.3297	0.3150	0.3185	0.7288	0.2637	0.4334	79.1185	0.1069	
nMMSBM_[3]	78	0.3284	0.3142	0.3190	0.7398	0.2656	0.4358	84.0203	0.1135	
nMMSBM_[3]	79	0.3274	0.3087	0.3192	0.7449	0.2631	0.4355	72.6866	0.0982	
nMMSBM_[3]	80	0.3254	0.3103	0.3208	0.7320	0.2637	0.4353	89.1112	0.1204	
nMMSBM_[3]	81	0.3297	0.3151	0.3211	0.7445	0.2653	0.4392	75.5095	0.1020	
nMMSBM_[3]	82	0.3223	0.3078	0.3213	0.7343	0.2594	0.4354	82.2994	0.1112	
nMMSBM_[3]	83	0.3226	0.3118	0.3197	0.7325	0.2612	0.4339	79.4934	0.1074	
nMMSBM_[3]	84	0.3259	0.3097	0.3199	0.7449	0.2632	0.4357	76.7168	0.1037	
nMMSBM_[3]	85	0.3274	0.3142	0.3214	0.7351	0.2653	0.4394	82.9107	0.1120	
nMMSBM_[3]	86	0.3225	0.3106	0.3160	0.7360	0.2596	0.4316	75.1157	0.1015	
nMMSBM_[3]	87	0.3158	0.3064	0.3192	0.7401	0.2554	0.4369	78.6794	0.1063	
nMMSBM_[3]	88	0.3215	0.3101	0.3213	0.7345	0.2620	0.4375	77.9836	0.1054	
nMMSBM_[3]	89	0.3257	0.3106	0.3193	0.7374	0.2626	0.4359	85.4103	0.1154	
nMMSBM_[3]	90	0.3250	0.3078	0.3237	0.7306	0.2624	0.4391	80.3476	0.1086	
nMMSBM_[3]	91	0.3230	0.3130	0.3250	0.7503	0.2605	0.4408	85.0172	0.1149	
nMMSBM_[3]	92	0.3247	0.3128	0.3213	0.7389	0.2603	0.4362	80.2160	0.1084	
nMMSBM_[3]	93	0.3239	0.3111	0.3219	0.7349	0.2611	0.4376	78.3419	0.1059	
nMMSBM_[3]	94	0.3323	0.3130	0.3260	0.7405	0.2646	0.4401	83.3828	0.1127	
nMMSBM_[3]	95	0.3230	0.3125	0.3234	0.7425	0.2561	0.4385	74.0031	0.1000	
nMMSBM_[3]	96	0.3253	0.3129	0.3201	0.7385	0.2612	0.4344	80.9401	0.1094	
nMMSBM_[3]	97	0.3186	0.3006	0.3174	0.7370	0.2578	0.4336	86.6511	0.1171	
nMMSBM_[3]	98	0.3184	0.3045	0.3224	0.7319	0.2594	0.4363	79.9732	0.1081	
nMMSBM_[3]	99	0.3236	0.3102	0.3193	0.7335	0.2641	0.4362	82.6912	0.1117	
KNN_[3]	0	0.3201	0.2948	0.3009	0.7079	0.2400	0.3941	385.6587	0.5212	
Rand_[3]	0	0.0262	0.0651	0.0013	0.5017	0.0142	0.0738	349.7930	0.4727	
