	run	F1	Acc	P@1	AUCROC	AUCPR	RankAvgPrec	CovErr	CovErrNorm	
NB_[1, 1, 1, 1]	0	0.6875	0.6309	0.6309	0.6363	0.6261	0.8154	0.3691	0.1846	
NMF_[1, 1, 1, 1]	0	0.7125	0.6495	0.6495	0.7056	0.7119	0.8248	0.3505	0.1752	
PF_[1, 1, 1, 1]	0	0.7796	0.6919	0.7643	0.8436	0.8351	0.8485	0.3030	0.1515	
TF_[1, 1, 1, 1]	0	0.6795	0.6037	0.6037	0.4651	0.4956	0.8019	0.3963	0.1981	
BL_[1, 1, 1, 1]	0	0.6795	0.6037	0.6037	0.5000	0.5215	0.8019	0.3963	0.1981	
nMMSBM_[1, 1, 1, 1]	0	0.7129	0.6535	0.6535	0.7062	0.7115	0.8267	0.3465	0.1733	
nMMSBM_[1, 1, 1, 1]	1	0.7157	0.6597	0.6597	0.7129	0.7197	0.8298	0.3403	0.1702	
nMMSBM_[1, 1, 1, 1]	2	0.7146	0.6569	0.6569	0.7081	0.7162	0.8284	0.3431	0.1716	
nMMSBM_[1, 1, 1, 1]	3	0.7100	0.6518	0.6518	0.7042	0.7124	0.8259	0.3482	0.1741	
nMMSBM_[1, 1, 1, 1]	4	0.7129	0.6552	0.6552	0.7060	0.7140	0.8276	0.3448	0.1724	
nMMSBM_[1, 1, 1, 1]	5	0.7123	0.6540	0.6540	0.7096	0.7161	0.8270	0.3460	0.1730	
nMMSBM_[1, 1, 1, 1]	6	0.7151	0.6563	0.6563	0.7084	0.7166	0.8282	0.3437	0.1718	
nMMSBM_[1, 1, 1, 1]	7	0.7136	0.6580	0.6580	0.7085	0.7155	0.8290	0.3420	0.1710	
nMMSBM_[1, 1, 1, 1]	8	0.7120	0.6523	0.6523	0.7078	0.7161	0.8262	0.3477	0.1738	
nMMSBM_[1, 1, 1, 1]	9	0.7128	0.6552	0.6552	0.7094	0.7185	0.8276	0.3448	0.1724	
nMMSBM_[1, 1, 1, 1]	10	0.7118	0.6563	0.6563	0.7076	0.7148	0.8282	0.3437	0.1718	
nMMSBM_[1, 1, 1, 1]	11	0.7103	0.6518	0.6518	0.7053	0.7113	0.8259	0.3482	0.1741	
nMMSBM_[1, 1, 1, 1]	12	0.7131	0.6546	0.6546	0.7080	0.7152	0.8273	0.3454	0.1727	
nMMSBM_[1, 1, 1, 1]	13	0.7143	0.6529	0.6529	0.7098	0.7171	0.8265	0.3471	0.1735	
nMMSBM_[1, 1, 1, 1]	14	0.7108	0.6518	0.6518	0.7068	0.7147	0.8259	0.3482	0.1741	
nMMSBM_[1, 1, 1, 1]	15	0.7118	0.6574	0.6574	0.7084	0.7166	0.8287	0.3426	0.1713	
nMMSBM_[1, 1, 1, 1]	16	0.7120	0.6597	0.6597	0.7080	0.7154	0.8298	0.3403	0.1702	
nMMSBM_[1, 1, 1, 1]	17	0.7140	0.6535	0.6535	0.7109	0.7195	0.8267	0.3465	0.1733	
nMMSBM_[1, 1, 1, 1]	18	0.7120	0.6557	0.6557	0.7094	0.7161	0.8279	0.3443	0.1721	
nMMSBM_[1, 1, 1, 1]	19	0.7128	0.6512	0.6512	0.7079	0.7162	0.8256	0.3488	0.1744	
nMMSBM_[1, 1, 1, 1]	20	0.7120	0.6552	0.6552	0.7098	0.7181	0.8276	0.3448	0.1724	
nMMSBM_[1, 1, 1, 1]	21	0.7132	0.6535	0.6535	0.7062	0.7142	0.8267	0.3465	0.1733	
nMMSBM_[1, 1, 1, 1]	22	0.7119	0.6625	0.6625	0.7072	0.7131	0.8313	0.3375	0.1687	
nMMSBM_[1, 1, 1, 1]	23	0.7140	0.6523	0.6523	0.7085	0.7165	0.8262	0.3477	0.1738	
nMMSBM_[1, 1, 1, 1]	24	0.7131	0.6529	0.6529	0.7061	0.7121	0.8265	0.3471	0.1735	
nMMSBM_[1, 1, 1, 1]	25	0.7122	0.6591	0.6591	0.7078	0.7154	0.8296	0.3409	0.1704	
nMMSBM_[1, 1, 1, 1]	26	0.7124	0.6563	0.6563	0.7075	0.7143	0.8282	0.3437	0.1718	
nMMSBM_[1, 1, 1, 1]	27	0.7102	0.6563	0.6563	0.7057	0.7135	0.8282	0.3437	0.1718	
nMMSBM_[1, 1, 1, 1]	28	0.7124	0.6557	0.6557	0.7072	0.7135	0.8279	0.3443	0.1721	
nMMSBM_[1, 1, 1, 1]	29	0.7149	0.6540	0.6540	0.7055	0.7140	0.8270	0.3460	0.1730	
nMMSBM_[1, 1, 1, 1]	30	0.7108	0.6569	0.6569	0.7048	0.7115	0.8284	0.3431	0.1716	
nMMSBM_[1, 1, 1, 1]	31	0.7096	0.6546	0.6546	0.7068	0.7133	0.8273	0.3454	0.1727	
nMMSBM_[1, 1, 1, 1]	32	0.7109	0.6535	0.6535	0.7063	0.7130	0.8267	0.3465	0.1733	
nMMSBM_[1, 1, 1, 1]	33	0.7139	0.6540	0.6540	0.7091	0.7171	0.8270	0.3460	0.1730	
nMMSBM_[1, 1, 1, 1]	34	0.7122	0.6540	0.6540	0.7068	0.7151	0.8270	0.3460	0.1730	
nMMSBM_[1, 1, 1, 1]	35	0.7128	0.6535	0.6535	0.7077	0.7139	0.8267	0.3465	0.1733	
nMMSBM_[1, 1, 1, 1]	36	0.7150	0.6495	0.6495	0.7082	0.7149	0.8248	0.3505	0.1752	
nMMSBM_[1, 1, 1, 1]	37	0.7137	0.6495	0.6495	0.7068	0.7145	0.8248	0.3505	0.1752	
nMMSBM_[1, 1, 1, 1]	38	0.7129	0.6540	0.6540	0.7065	0.7115	0.8270	0.3460	0.1730	
nMMSBM_[1, 1, 1, 1]	39	0.7124	0.6546	0.6546	0.7063	0.7149	0.8273	0.3454	0.1727	
nMMSBM_[1, 1, 1, 1]	40	0.7115	0.6518	0.6518	0.7070	0.7143	0.8259	0.3482	0.1741	
nMMSBM_[1, 1, 1, 1]	41	0.7112	0.6586	0.6586	0.7078	0.7145	0.8293	0.3414	0.1707	
nMMSBM_[1, 1, 1, 1]	42	0.7107	0.6546	0.6546	0.7029	0.7092	0.8273	0.3454	0.1727	
KNN_[1, 1, 1, 1]	0	0.6905	0.6473	0.6473	0.6553	0.6345	0.8236	0.3527	0.1764	
Rand_[1, 1, 1, 1]	0	0.6796	0.4850	0.4850	0.4823	0.5111	0.7425	0.5150	0.2575	
