	run	F1	Acc	P@1	AUCROC	AUCPR	RankAvgPrec	CovErr	CovErrNorm	
NB_[1, 1]	0	0.2552	0.2072	0.2375	0.5275	0.1599	0.4641	2.5753	0.2575	
NMF_[1, 1]	0	0.1823	0.0771	0.0945	0.5025	0.1554	0.2075	7.2043	0.7204	
PF_[1, 1]	0	0.6621	0.4961	0.5092	0.7501	0.5694	0.5490	4.4850	0.4485	
TF_[1, 1]	0	0.2546	0.0000	0.2250	0.5000	0.1521	0.4541	2.7083	0.2708	
BL_[1, 1]	0	0.2546	0.2300	0.2300	0.5000	0.1508	0.4605	2.5859	0.2586	
nMMSBM_[1, 1]	0	0.3226	0.1409	0.2448	0.6268	0.2520	0.4373	3.4931	0.3493	
nMMSBM_[1, 1]	1	0.3205	0.1403	0.2411	0.6270	0.2504	0.4341	3.5148	0.3515	
nMMSBM_[1, 1]	2	0.3217	0.1416	0.2446	0.6262	0.2501	0.4368	3.5039	0.3504	
nMMSBM_[1, 1]	3	0.3204	0.1420	0.2441	0.6269	0.2503	0.4361	3.5088	0.3509	
nMMSBM_[1, 1]	4	0.3238	0.1422	0.2447	0.6280	0.2518	0.4380	3.4823	0.3482	
nMMSBM_[1, 1]	5	0.3225	0.1413	0.2431	0.6269	0.2497	0.4359	3.5028	0.3503	
nMMSBM_[1, 1]	6	0.3218	0.1423	0.2423	0.6268	0.2495	0.4359	3.4962	0.3496	
nMMSBM_[1, 1]	7	0.3216	0.1415	0.2428	0.6256	0.2489	0.4361	3.4958	0.3496	
nMMSBM_[1, 1]	8	0.3208	0.1388	0.2445	0.6262	0.2513	0.4366	3.5031	0.3503	
nMMSBM_[1, 1]	9	0.3208	0.1413	0.2401	0.6252	0.2476	0.4339	3.5087	0.3509	
nMMSBM_[1, 1]	10	0.3241	0.1418	0.2460	0.6279	0.2526	0.4385	3.4812	0.3481	
nMMSBM_[1, 1]	11	0.3184	0.1393	0.2420	0.6251	0.2480	0.4345	3.5138	0.3514	
nMMSBM_[1, 1]	12	0.3218	0.1399	0.2415	0.6263	0.2496	0.4355	3.4973	0.3497	
nMMSBM_[1, 1]	13	0.3217	0.1405	0.2446	0.6266	0.2506	0.4369	3.5022	0.3502	
nMMSBM_[1, 1]	14	0.3205	0.1404	0.2436	0.6267	0.2500	0.4360	3.5045	0.3505	
nMMSBM_[1, 1]	15	0.3196	0.1399	0.2419	0.6260	0.2473	0.4345	3.5158	0.3516	
nMMSBM_[1, 1]	16	0.3220	0.1400	0.2437	0.6265	0.2526	0.4365	3.4973	0.3497	
nMMSBM_[1, 1]	17	0.3196	0.1370	0.2446	0.6260	0.2498	0.4364	3.5015	0.3502	
nMMSBM_[1, 1]	18	0.3208	0.1407	0.2432	0.6260	0.2500	0.4359	3.5004	0.3500	
nMMSBM_[1, 1]	19	0.3215	0.1419	0.2431	0.6272	0.2507	0.4356	3.5075	0.3508	
nMMSBM_[1, 1]	20	0.3213	0.1403	0.2440	0.6270	0.2505	0.4365	3.4983	0.3498	
nMMSBM_[1, 1]	21	0.3219	0.1411	0.2423	0.6261	0.2490	0.4359	3.4965	0.3496	
nMMSBM_[1, 1]	22	0.3222	0.1421	0.2454	0.6270	0.2524	0.4376	3.4902	0.3490	
nMMSBM_[1, 1]	23	0.3224	0.1408	0.2451	0.6269	0.2512	0.4376	3.4898	0.3490	
nMMSBM_[1, 1]	24	0.3199	0.1364	0.2421	0.6263	0.2494	0.4347	3.5154	0.3515	
nMMSBM_[1, 1]	25	0.3215	0.1440	0.2438	0.6266	0.2515	0.4362	3.5031	0.3503	
nMMSBM_[1, 1]	26	0.3222	0.1385	0.2425	0.6278	0.2510	0.4360	3.4970	0.3497	
nMMSBM_[1, 1]	27	0.3214	0.1408	0.2444	0.6261	0.2506	0.4369	3.4960	0.3496	
nMMSBM_[1, 1]	28	0.3212	0.1421	0.2447	0.6260	0.2499	0.4370	3.5010	0.3501	
nMMSBM_[1, 1]	29	0.3210	0.1411	0.2429	0.6261	0.2502	0.4354	3.5119	0.3512	
nMMSBM_[1, 1]	30	0.3211	0.1409	0.2441	0.6267	0.2515	0.4364	3.5065	0.3507	
nMMSBM_[1, 1]	31	0.3221	0.1424	0.2447	0.6275	0.2514	0.4364	3.5051	0.3505	
nMMSBM_[1, 1]	32	0.3202	0.1405	0.2423	0.6253	0.2460	0.4355	3.4979	0.3498	
nMMSBM_[1, 1]	33	0.3220	0.1393	0.2427	0.6274	0.2507	0.4358	3.5097	0.3510	
nMMSBM_[1, 1]	34	0.3204	0.1397	0.2446	0.6266	0.2505	0.4367	3.5035	0.3504	
nMMSBM_[1, 1]	35	0.3217	0.1399	0.2435	0.6272	0.2512	0.4358	3.5113	0.3511	
nMMSBM_[1, 1]	36	0.3201	0.1421	0.2439	0.6254	0.2503	0.4359	3.5051	0.3505	
nMMSBM_[1, 1]	37	0.3217	0.1406	0.2421	0.6274	0.2508	0.4353	3.5072	0.3507	
nMMSBM_[1, 1]	38	0.3212	0.1424	0.2438	0.6255	0.2493	0.4357	3.5069	0.3507	
nMMSBM_[1, 1]	39	0.3223	0.1400	0.2425	0.6272	0.2513	0.4352	3.5147	0.3515	
nMMSBM_[1, 1]	40	0.3222	0.1405	0.2433	0.6264	0.2499	0.4360	3.5031	0.3503	
nMMSBM_[1, 1]	41	0.3204	0.1389	0.2442	0.6257	0.2508	0.4359	3.5067	0.3507	
nMMSBM_[1, 1]	42	0.3228	0.1402	0.2464	0.6276	0.2519	0.4388	3.4840	0.3484	
nMMSBM_[1, 1]	43	0.3211	0.1412	0.2448	0.6260	0.2501	0.4367	3.5032	0.3503	
nMMSBM_[1, 1]	44	0.3220	0.1402	0.2433	0.6266	0.2512	0.4364	3.4920	0.3492	
nMMSBM_[1, 1]	45	0.3213	0.1357	0.2420	0.6256	0.2481	0.4355	3.5010	0.3501	
nMMSBM_[1, 1]	46	0.3221	0.1420	0.2441	0.6279	0.2512	0.4367	3.5011	0.3501	
nMMSBM_[1, 1]	47	0.3232	0.1415	0.2432	0.6284	0.2522	0.4363	3.5027	0.3503	
nMMSBM_[1, 1]	48	0.3178	0.1421	0.2401	0.6248	0.2461	0.4330	3.5236	0.3524	
nMMSBM_[1, 1]	49	0.3224	0.1421	0.2453	0.6272	0.2524	0.4375	3.4934	0.3493	
nMMSBM_[1, 1]	50	0.3202	0.1393	0.2443	0.6254	0.2500	0.4366	3.4980	0.3498	
nMMSBM_[1, 1]	51	0.3207	0.1401	0.2445	0.6268	0.2498	0.4363	3.5084	0.3508	
nMMSBM_[1, 1]	52	0.3198	0.1404	0.2414	0.6256	0.2488	0.4346	3.5052	0.3505	
nMMSBM_[1, 1]	53	0.3208	0.1381	0.2434	0.6254	0.2494	0.4358	3.5008	0.3501	
nMMSBM_[1, 1]	54	0.3213	0.1401	0.2421	0.6273	0.2514	0.4352	3.5087	0.3509	
nMMSBM_[1, 1]	55	0.3207	0.1400	0.2436	0.6262	0.2495	0.4360	3.5057	0.3506	
nMMSBM_[1, 1]	56	0.3218	0.1407	0.2438	0.6278	0.2518	0.4362	3.5084	0.3508	
nMMSBM_[1, 1]	57	0.3197	0.1399	0.2431	0.6257	0.2504	0.4355	3.5102	0.3510	
nMMSBM_[1, 1]	58	0.3199	0.1396	0.2428	0.6254	0.2487	0.4357	3.5046	0.3505	
nMMSBM_[1, 1]	59	0.3218	0.1404	0.2453	0.6273	0.2515	0.4371	3.5037	0.3504	
nMMSBM_[1, 1]	60	0.3224	0.1415	0.2446	0.6263	0.2505	0.4371	3.4958	0.3496	
nMMSBM_[1, 1]	61	0.3224	0.1435	0.2445	0.6274	0.2510	0.4369	3.5065	0.3506	
nMMSBM_[1, 1]	62	0.3217	0.1406	0.2431	0.6269	0.2502	0.4359	3.5083	0.3508	
nMMSBM_[1, 1]	63	0.3216	0.1406	0.2437	0.6254	0.2499	0.4364	3.5027	0.3503	
nMMSBM_[1, 1]	64	0.3209	0.1400	0.2437	0.6277	0.2513	0.4359	3.5109	0.3511	
nMMSBM_[1, 1]	65	0.3208	0.1411	0.2447	0.6263	0.2504	0.4362	3.5132	0.3513	
nMMSBM_[1, 1]	66	0.3210	0.1422	0.2434	0.6262	0.2494	0.4361	3.5036	0.3504	
nMMSBM_[1, 1]	67	0.3197	0.1406	0.2435	0.6260	0.2489	0.4353	3.5111	0.3511	
nMMSBM_[1, 1]	68	0.3196	0.1404	0.2416	0.6250	0.2489	0.4348	3.5078	0.3508	
nMMSBM_[1, 1]	69	0.3214	0.1390	0.2415	0.6271	0.2502	0.4352	3.5046	0.3505	
nMMSBM_[1, 1]	70	0.3208	0.1388	0.2428	0.6259	0.2502	0.4353	3.5096	0.3510	
nMMSBM_[1, 1]	71	0.3214	0.1381	0.2428	0.6259	0.2477	0.4362	3.4938	0.3494	
nMMSBM_[1, 1]	72	0.3222	0.1409	0.2444	0.6266	0.2515	0.4368	3.4998	0.3500	
nMMSBM_[1, 1]	73	0.3216	0.1410	0.2440	0.6252	0.2502	0.4365	3.4989	0.3499	
nMMSBM_[1, 1]	74	0.3221	0.1413	0.2443	0.6268	0.2509	0.4365	3.5047	0.3505	
nMMSBM_[1, 1]	75	0.3205	0.1419	0.2431	0.6267	0.2501	0.4356	3.5056	0.3506	
nMMSBM_[1, 1]	76	0.3200	0.1387	0.2409	0.6250	0.2450	0.4343	3.5098	0.3510	
nMMSBM_[1, 1]	77	0.3224	0.1407	0.2460	0.6271	0.2518	0.4377	3.5009	0.3501	
nMMSBM_[1, 1]	78	0.3201	0.1400	0.2417	0.6256	0.2487	0.4352	3.5017	0.3502	
nMMSBM_[1, 1]	79	0.3213	0.1400	0.2429	0.6263	0.2506	0.4358	3.5022	0.3502	
nMMSBM_[1, 1]	80	0.3192	0.1395	0.2425	0.6254	0.2497	0.4346	3.5185	0.3518	
nMMSBM_[1, 1]	81	0.3205	0.1421	0.2428	0.6269	0.2502	0.4355	3.5102	0.3510	
nMMSBM_[1, 1]	82	0.3205	0.1396	0.2427	0.6262	0.2492	0.4356	3.5043	0.3504	
nMMSBM_[1, 1]	83	0.3196	0.1382	0.2429	0.6252	0.2482	0.4346	3.5220	0.3522	
nMMSBM_[1, 1]	84	0.3204	0.1443	0.2420	0.6261	0.2490	0.4345	3.5142	0.3514	
nMMSBM_[1, 1]	85	0.3211	0.1420	0.2436	0.6262	0.2499	0.4364	3.4967	0.3497	
nMMSBM_[1, 1]	86	0.3212	0.1373	0.2437	0.6264	0.2512	0.4362	3.5061	0.3506	
nMMSBM_[1, 1]	87	0.3207	0.1421	0.2441	0.6263	0.2502	0.4362	3.5008	0.3501	
nMMSBM_[1, 1]	88	0.3197	0.1411	0.2435	0.6254	0.2487	0.4357	3.5067	0.3507	
nMMSBM_[1, 1]	89	0.3208	0.1399	0.2421	0.6270	0.2506	0.4348	3.5124	0.3512	
nMMSBM_[1, 1]	90	0.3200	0.1389	0.2419	0.6263	0.2480	0.4348	3.5089	0.3509	
nMMSBM_[1, 1]	91	0.3214	0.1397	0.2445	0.6261	0.2507	0.4371	3.4969	0.3497	
nMMSBM_[1, 1]	92	0.3222	0.1417	0.2447	0.6270	0.2523	0.4368	3.5062	0.3506	
nMMSBM_[1, 1]	93	0.3213	0.1396	0.2438	0.6276	0.2510	0.4359	3.5109	0.3511	
nMMSBM_[1, 1]	94	0.3236	0.1417	0.2462	0.6277	0.2525	0.4383	3.4876	0.3488	
nMMSBM_[1, 1]	95	0.3217	0.1427	0.2437	0.6261	0.2509	0.4362	3.5056	0.3506	
nMMSBM_[1, 1]	96	0.3211	0.1402	0.2422	0.6272	0.2512	0.4354	3.5132	0.3513	
nMMSBM_[1, 1]	97	0.3205	0.1411	0.2423	0.6259	0.2503	0.4349	3.5078	0.3508	
nMMSBM_[1, 1]	98	0.3224	0.1412	0.2430	0.6268	0.2506	0.4363	3.4999	0.3500	
nMMSBM_[1, 1]	99	0.3226	0.1400	0.2443	0.6268	0.2522	0.4367	3.5020	0.3502	
KNN_[1, 1]	0	0.2474	0.1775	0.1956	0.5438	0.1664	0.3287	5.8908	0.5891	
Rand_[1, 1]	0	0.2546	0.0290	0.1012	0.5021	0.1515	0.2943	4.4805	0.4480	
NB_[1, 2]	0	0.2555	0.2187	0.2351	0.5308	0.1607	0.4619	2.5957	0.2596	
NMF_[1, 2]	0	0.1329	0.0393	0.0593	0.5007	0.1531	0.1549	8.0869	0.8087	
PF_[1, 2]	0	0.9909	0.9818	0.9907	1.0000	0.9997	0.9908	0.0187	0.0019	
TF_[1, 2]	0	0.2546	0.0000	0.2300	0.4960	0.1485	0.4568	2.7018	0.2702	
BL_[1, 2]	0	0.2546	0.2300	0.2300	0.5000	0.1508	0.4605	2.5859	0.2586	
nMMSBM_[1, 2]	0	0.2546	0.1995	0.2256	0.5006	0.1514	0.3934	3.8377	0.3838	
nMMSBM_[1, 2]	1	0.2546	0.0240	0.0552	0.4954	0.1482	0.2385	5.1178	0.5118	
nMMSBM_[1, 2]	2	0.2546	0.0420	0.0725	0.4983	0.1494	0.2839	4.1354	0.4135	
nMMSBM_[1, 2]	3	0.2546	0.0232	0.0296	0.5048	0.1512	0.2093	5.4826	0.5483	
nMMSBM_[1, 2]	4	0.2546	0.0317	0.0788	0.4975	0.1494	0.2618	5.0579	0.5058	
nMMSBM_[1, 2]	5	0.2546	0.0218	0.0590	0.4975	0.1501	0.2549	4.8914	0.4891	
nMMSBM_[1, 2]	6	0.2546	0.0441	0.0981	0.5009	0.1513	0.2920	4.4431	0.4443	
nMMSBM_[1, 2]	7	0.2546	0.0469	0.1089	0.5002	0.1507	0.2994	4.5702	0.4570	
nMMSBM_[1, 2]	8	0.2546	0.0455	0.1036	0.5014	0.1521	0.3108	4.0270	0.4027	
nMMSBM_[1, 2]	9	0.2546	0.0224	0.0472	0.5016	0.1517	0.2376	4.9942	0.4994	
nMMSBM_[1, 2]	10	0.2546	0.0720	0.1632	0.4959	0.1497	0.3435	4.4325	0.4433	
nMMSBM_[1, 2]	11	0.2546	0.0611	0.1076	0.5001	0.1514	0.3058	4.2312	0.4231	
nMMSBM_[1, 2]	12	0.2546	0.0394	0.0634	0.4996	0.1523	0.2582	4.6994	0.4699	
nMMSBM_[1, 2]	13	0.2546	0.1167	0.1864	0.4970	0.1506	0.3741	3.6870	0.3687	
nMMSBM_[1, 2]	14	0.2546	0.0389	0.0935	0.5019	0.1526	0.2859	4.5461	0.4546	
nMMSBM_[1, 2]	15	0.2546	0.0315	0.0719	0.4974	0.1493	0.2543	5.0570	0.5057	
nMMSBM_[1, 2]	16	0.2547	0.0313	0.0760	0.4937	0.1489	0.2702	4.6474	0.4647	
nMMSBM_[1, 2]	17	0.2546	0.0401	0.0955	0.5021	0.1516	0.2842	4.7034	0.4703	
nMMSBM_[1, 2]	18	0.2547	0.0165	0.0278	0.5003	0.1502	0.2096	5.3089	0.5309	
nMMSBM_[1, 2]	19	0.2546	0.0396	0.1014	0.4977	0.1495	0.2907	4.7169	0.4717	
nMMSBM_[1, 2]	20	0.2546	0.0237	0.0591	0.5041	0.1522	0.2475	4.8598	0.4860	
nMMSBM_[1, 2]	21	0.2546	0.0295	0.0604	0.4984	0.1509	0.2361	5.3224	0.5322	
nMMSBM_[1, 2]	22	0.2546	0.0451	0.0921	0.4985	0.1499	0.2926	4.5109	0.4511	
nMMSBM_[1, 2]	23	0.2546	0.0429	0.0922	0.5004	0.1504	0.3024	4.1335	0.4133	
nMMSBM_[1, 2]	24	0.2546	0.0366	0.0698	0.5020	0.1521	0.2607	4.7940	0.4794	
nMMSBM_[1, 2]	25	0.2546	0.0328	0.0699	0.4985	0.1500	0.2336	5.6451	0.5645	
nMMSBM_[1, 2]	26	0.2546	0.0351	0.0871	0.4966	0.1496	0.2884	4.3928	0.4393	
nMMSBM_[1, 2]	27	0.2546	0.0386	0.0904	0.5024	0.1517	0.2901	4.4277	0.4428	
nMMSBM_[1, 2]	28	0.2546	0.0623	0.1316	0.5012	0.1512	0.3305	3.9947	0.3995	
nMMSBM_[1, 2]	29	0.2546	0.0337	0.0695	0.5039	0.1531	0.2723	4.5684	0.4568	
nMMSBM_[1, 2]	30	0.2546	0.0315	0.0751	0.5009	0.1519	0.2537	5.2228	0.5223	
nMMSBM_[1, 2]	31	0.2546	0.0403	0.0835	0.5005	0.1500	0.2646	4.9630	0.4963	
nMMSBM_[1, 2]	32	0.2546	0.0195	0.0419	0.4975	0.1510	0.2278	5.0598	0.5060	
nMMSBM_[1, 2]	33	0.2546	0.0308	0.0764	0.5007	0.1509	0.2680	4.6786	0.4679	
nMMSBM_[1, 2]	34	0.2546	0.0610	0.1432	0.5004	0.1515	0.3518	3.7261	0.3726	
nMMSBM_[1, 2]	35	0.2546	0.0418	0.0720	0.5043	0.1525	0.2366	5.4979	0.5498	
nMMSBM_[1, 2]	36	0.2546	0.0358	0.0650	0.4993	0.1517	0.2513	4.9348	0.4935	
nMMSBM_[1, 2]	37	0.2546	0.0331	0.0822	0.4941	0.1489	0.2724	4.6952	0.4695	
nMMSBM_[1, 2]	38	0.2546	0.0563	0.1201	0.4994	0.1504	0.3176	4.1881	0.4188	
nMMSBM_[1, 2]	39	0.2546	0.0707	0.1555	0.4961	0.1496	0.3682	3.6500	0.3650	
nMMSBM_[1, 2]	40	0.2546	0.0546	0.1007	0.5052	0.1532	0.3166	4.0171	0.4017	
nMMSBM_[1, 2]	41	0.2546	0.0387	0.0868	0.4996	0.1510	0.2805	4.4936	0.4494	
nMMSBM_[1, 2]	42	0.2546	0.0602	0.1237	0.4953	0.1490	0.3209	4.1337	0.4134	
nMMSBM_[1, 2]	43	0.2546	0.0683	0.1293	0.4997	0.1509	0.3120	4.6005	0.4601	
nMMSBM_[1, 2]	44	0.2546	0.0398	0.1002	0.5003	0.1514	0.2953	4.3936	0.4394	
nMMSBM_[1, 2]	45	0.2546	0.1095	0.1860	0.5022	0.1512	0.3749	3.8706	0.3871	
nMMSBM_[1, 2]	46	0.2546	0.1242	0.1857	0.4953	0.1487	0.3585	4.1173	0.4117	
nMMSBM_[1, 2]	47	0.2546	0.1026	0.1841	0.4941	0.1479	0.3609	4.3212	0.4321	
nMMSBM_[1, 2]	48	0.2546	0.0542	0.1269	0.5025	0.1528	0.3120	4.5194	0.4519	
nMMSBM_[1, 2]	49	0.2546	0.0593	0.1143	0.5025	0.1520	0.3255	4.0483	0.4048	
nMMSBM_[1, 2]	50	0.2546	0.0482	0.0824	0.4997	0.1511	0.2662	4.9365	0.4937	
nMMSBM_[1, 2]	51	0.2546	0.0301	0.0748	0.4978	0.1508	0.2822	4.4112	0.4411	
nMMSBM_[1, 2]	52	0.2546	0.0637	0.1362	0.5055	0.1542	0.3098	4.8056	0.4806	
nMMSBM_[1, 2]	53	0.2546	0.0729	0.1660	0.5012	0.1521	0.3835	3.3713	0.3371	
nMMSBM_[1, 2]	54	0.2546	0.0281	0.0584	0.4978	0.1507	0.2448	5.1101	0.5110	
nMMSBM_[1, 2]	55	0.2546	0.0467	0.0881	0.4958	0.1502	0.2867	4.4103	0.4410	
nMMSBM_[1, 2]	56	0.2546	0.1015	0.1350	0.5082	0.1536	0.3422	3.9707	0.3971	
nMMSBM_[1, 2]	57	0.2546	0.0300	0.0694	0.5005	0.1513	0.2545	4.9814	0.4981	
nMMSBM_[1, 2]	58	0.2546	0.0721	0.1514	0.5046	0.1520	0.3509	3.8525	0.3852	
nMMSBM_[1, 2]	59	0.2546	0.0518	0.1032	0.5025	0.1523	0.2821	4.9290	0.4929	
nMMSBM_[1, 2]	60	0.2546	0.0278	0.0699	0.5019	0.1517	0.2509	5.0121	0.5012	
nMMSBM_[1, 2]	61	0.2546	0.0559	0.1063	0.4984	0.1504	0.2929	4.6090	0.4609	
nMMSBM_[1, 2]	62	0.2546	0.0644	0.1396	0.4997	0.1516	0.3338	4.1961	0.4196	
nMMSBM_[1, 2]	63	0.2546	0.0626	0.1448	0.5003	0.1512	0.3458	3.8868	0.3887	
nMMSBM_[1, 2]	64	0.2546	0.0439	0.0856	0.5005	0.1511	0.2786	4.6029	0.4603	
nMMSBM_[1, 2]	65	0.2546	0.0376	0.0932	0.5020	0.1520	0.2986	4.2448	0.4245	
nMMSBM_[1, 2]	66	0.2546	0.0354	0.0948	0.5044	0.1525	0.2882	4.6391	0.4639	
nMMSBM_[1, 2]	67	0.2546	0.0260	0.0627	0.5008	0.1512	0.2456	5.0555	0.5055	
nMMSBM_[1, 2]	68	0.2546	0.0568	0.0813	0.4955	0.1489	0.2721	4.6806	0.4681	
nMMSBM_[1, 2]	69	0.2546	0.0757	0.1504	0.5026	0.1513	0.3661	3.5088	0.3509	
nMMSBM_[1, 2]	70	0.2546	0.0375	0.0932	0.4978	0.1490	0.2879	4.5339	0.4534	
nMMSBM_[1, 2]	71	0.2546	0.0878	0.1813	0.4991	0.1512	0.3967	3.3381	0.3338	
nMMSBM_[1, 2]	72	0.2546	0.0432	0.0928	0.4945	0.1488	0.3004	4.1867	0.4187	
nMMSBM_[1, 2]	73	0.2546	0.0604	0.1362	0.5062	0.1545	0.3436	3.7897	0.3790	
nMMSBM_[1, 2]	74	0.2546	0.0421	0.0852	0.4979	0.1500	0.2697	4.8886	0.4889	
nMMSBM_[1, 2]	75	0.2546	0.0317	0.0834	0.5025	0.1515	0.2702	4.7222	0.4722	
nMMSBM_[1, 2]	76	0.2546	0.0410	0.1053	0.4995	0.1526	0.3038	4.3396	0.4340	
nMMSBM_[1, 2]	77	0.2546	0.0573	0.1213	0.4995	0.1504	0.3205	4.2172	0.4217	
nMMSBM_[1, 2]	78	0.2546	0.0601	0.1238	0.4976	0.1497	0.3147	4.4185	0.4418	
nMMSBM_[1, 2]	79	0.2546	0.0410	0.0911	0.5035	0.1529	0.2763	4.7363	0.4736	
nMMSBM_[1, 2]	80	0.2546	0.0497	0.1010	0.4992	0.1505	0.2905	4.7701	0.4770	
nMMSBM_[1, 2]	81	0.2546	0.0899	0.1211	0.4997	0.1494	0.2994	4.5765	0.4577	
nMMSBM_[1, 2]	82	0.2546	0.0529	0.1332	0.5020	0.1516	0.3377	3.9495	0.3949	
nMMSBM_[1, 2]	83	0.2546	0.0235	0.0512	0.4992	0.1500	0.2352	5.1674	0.5167	
nMMSBM_[1, 2]	84	0.2546	0.0517	0.0940	0.5012	0.1513	0.2900	4.4480	0.4448	
nMMSBM_[1, 2]	85	0.2546	0.0279	0.0621	0.5020	0.1516	0.2443	5.1479	0.5148	
nMMSBM_[1, 2]	86	0.2546	0.0323	0.0737	0.5012	0.1508	0.2456	5.4089	0.5409	
nMMSBM_[1, 2]	87	0.2546	0.0485	0.0905	0.4984	0.1506	0.2813	4.5607	0.4561	
nMMSBM_[1, 2]	88	0.2546	0.0358	0.0890	0.5023	0.1513	0.2859	4.3642	0.4364	
nMMSBM_[1, 2]	89	0.2546	0.0360	0.0878	0.4983	0.1504	0.2855	4.5329	0.4533	
nMMSBM_[1, 2]	90	0.2546	0.0316	0.0717	0.4999	0.1504	0.2709	4.5745	0.4575	
nMMSBM_[1, 2]	91	0.2546	0.0309	0.0732	0.4974	0.1498	0.2741	4.5174	0.4517	
nMMSBM_[1, 2]	92	0.2546	0.0593	0.1249	0.4993	0.1499	0.3072	4.6469	0.4647	
nMMSBM_[1, 2]	93	0.2546	0.0552	0.1301	0.5030	0.1510	0.3441	3.6942	0.3694	
nMMSBM_[1, 2]	94	0.2546	0.0641	0.1088	0.4976	0.1491	0.2967	4.6924	0.4692	
nMMSBM_[1, 2]	95	0.2546	0.0679	0.1290	0.4971	0.1497	0.3404	3.6947	0.3695	
nMMSBM_[1, 2]	96	0.2546	0.0308	0.0622	0.5007	0.1506	0.2297	5.6465	0.5647	
nMMSBM_[1, 2]	97	0.2546	0.0651	0.1489	0.4941	0.1483	0.3521	3.7893	0.3789	
nMMSBM_[1, 2]	98	0.2546	0.0397	0.0840	0.4992	0.1522	0.2671	4.8699	0.4870	
nMMSBM_[1, 2]	99	0.2546	0.0399	0.0759	0.4930	0.1474	0.2628	4.8863	0.4886	
KNN_[1, 2]	0	0.2578	0.1221	0.1899	0.5489	0.1679	0.3290	5.3280	0.5328	
Rand_[1, 2]	0	0.2546	0.0292	0.1003	0.5011	0.1517	0.2936	4.4892	0.4489	
